#          k/h    CDM            baryon         photon         nu             mass_nu        total          no_nu          total_de       Weyl           v_CDM          v_b            v_b-v_c     
   0.104335E-04   0.228156E+07   0.228156E+07   0.304191E+07   0.304191E+07   0.229158E+07   0.228160E+07   0.228156E+07   0.229009E+07  -0.600478E+00   0.227722E+07   0.227722E+07   0.536509E-01
   0.115203E-04   0.228156E+07   0.228156E+07   0.304188E+07   0.304187E+07   0.229158E+07   0.228160E+07   0.228156E+07   0.229009E+07  -0.600478E+00   0.227722E+07   0.227722E+07   0.592396E-01
   0.127204E-04   0.228155E+07   0.228155E+07   0.304183E+07   0.304183E+07   0.229157E+07   0.228160E+07   0.228155E+07   0.229009E+07  -0.600478E+00   0.227722E+07   0.227722E+07   0.654105E-01
   0.140455E-04   0.228155E+07   0.228155E+07   0.304178E+07   0.304178E+07   0.229157E+07   0.228160E+07   0.228155E+07   0.229009E+07  -0.600478E+00   0.227722E+07   0.227722E+07   0.722241E-01
   0.155085E-04   0.228155E+07   0.228155E+07   0.304171E+07   0.304171E+07   0.229156E+07   0.228160E+07   0.228155E+07   0.229009E+07  -0.600478E+00   0.227722E+07   0.227722E+07   0.797475E-01
   0.171240E-04   0.228155E+07   0.228155E+07   0.304163E+07   0.304163E+07   0.229156E+07   0.228160E+07   0.228155E+07   0.229009E+07  -0.600477E+00   0.227722E+07   0.227722E+07   0.880545E-01
   0.189078E-04   0.228155E+07   0.228155E+07   0.304154E+07   0.304153E+07   0.229155E+07   0.228160E+07   0.228155E+07   0.229009E+07  -0.600477E+00   0.227722E+07   0.227722E+07   0.972268E-01
   0.208774E-04   0.228155E+07   0.228155E+07   0.304142E+07   0.304141E+07   0.229154E+07   0.228160E+07   0.228155E+07   0.229008E+07  -0.600477E+00   0.227722E+07   0.227722E+07   0.107355E+00
   0.230522E-04   0.228155E+07   0.228155E+07   0.304128E+07   0.304127E+07   0.229152E+07   0.228159E+07   0.228155E+07   0.229008E+07  -0.600476E+00   0.227721E+07   0.227721E+07   0.118537E+00
   0.254535E-04   0.228155E+07   0.228155E+07   0.304110E+07   0.304109E+07   0.229151E+07   0.228159E+07   0.228155E+07   0.229008E+07  -0.600475E+00   0.227721E+07   0.227721E+07   0.130884E+00
   0.281050E-04   0.228154E+07   0.228154E+07   0.304089E+07   0.304087E+07   0.229149E+07   0.228159E+07   0.228154E+07   0.229008E+07  -0.600475E+00   0.227721E+07   0.227721E+07   0.144518E+00
   0.310326E-04   0.228154E+07   0.228154E+07   0.304063E+07   0.304061E+07   0.229146E+07   0.228159E+07   0.228154E+07   0.229007E+07  -0.600474E+00   0.227721E+07   0.227721E+07   0.159571E+00
   0.342653E-04   0.228154E+07   0.228154E+07   0.304031E+07   0.304029E+07   0.229144E+07   0.228158E+07   0.228154E+07   0.229007E+07  -0.600472E+00   0.227720E+07   0.227720E+07   0.176192E+00
   0.378346E-04   0.228154E+07   0.228153E+07   0.303992E+07   0.303989E+07   0.229140E+07   0.228158E+07   0.228154E+07   0.229006E+07  -0.600471E+00   0.227720E+07   0.227720E+07   0.194544E+00
   0.417758E-04   0.228153E+07   0.228153E+07   0.303945E+07   0.303942E+07   0.229136E+07   0.228157E+07   0.228153E+07   0.229006E+07  -0.600469E+00   0.227720E+07   0.227720E+07   0.214807E+00
   0.461275E-04   0.228152E+07   0.228152E+07   0.303887E+07   0.303883E+07   0.229130E+07   0.228157E+07   0.228152E+07   0.229005E+07  -0.600467E+00   0.227719E+07   0.227719E+07   0.237181E+00
   0.509326E-04   0.228152E+07   0.228152E+07   0.303817E+07   0.303812E+07   0.229124E+07   0.228156E+07   0.228152E+07   0.229004E+07  -0.600464E+00   0.227718E+07   0.227718E+07   0.261883E+00
   0.562382E-04   0.228151E+07   0.228151E+07   0.303732E+07   0.303726E+07   0.229116E+07   0.228155E+07   0.228151E+07   0.229003E+07  -0.600461E+00   0.227717E+07   0.227717E+07   0.289158E+00
   0.620964E-04   0.228150E+07   0.228150E+07   0.303628E+07   0.303620E+07   0.229107E+07   0.228154E+07   0.228150E+07   0.229002E+07  -0.600457E+00   0.227716E+07   0.227716E+07   0.319272E+00
   0.685649E-04   0.228148E+07   0.228148E+07   0.303501E+07   0.303492E+07   0.229095E+07   0.228153E+07   0.228148E+07   0.229000E+07  -0.600453E+00   0.227715E+07   0.227715E+07   0.352520E+00
   0.757072E-04   0.228147E+07   0.228147E+07   0.303346E+07   0.303335E+07   0.229081E+07   0.228151E+07   0.228147E+07   0.228998E+07  -0.600447E+00   0.227713E+07   0.227713E+07   0.389229E+00
   0.835935E-04   0.228145E+07   0.228145E+07   0.303157E+07   0.303144E+07   0.229064E+07   0.228149E+07   0.228145E+07   0.228995E+07  -0.600440E+00   0.227711E+07   0.227711E+07   0.429757E+00
   0.923014E-04   0.228142E+07   0.228142E+07   0.302927E+07   0.302911E+07   0.229043E+07   0.228147E+07   0.228142E+07   0.228992E+07  -0.600431E+00   0.227709E+07   0.227709E+07   0.474500E+00
   0.101916E-03   0.228140E+07   0.228140E+07   0.302647E+07   0.302628E+07   0.229018E+07   0.228144E+07   0.228140E+07   0.228988E+07  -0.600421E+00   0.227706E+07   0.227706E+07   0.523896E+00
   0.112533E-03   0.228136E+07   0.228136E+07   0.302306E+07   0.302282E+07   0.228986E+07   0.228140E+07   0.228136E+07   0.228984E+07  -0.600408E+00   0.227703E+07   0.227703E+07   0.578426E+00
   0.124255E-03   0.228132E+07   0.228132E+07   0.301891E+07   0.301862E+07   0.228949E+07   0.228135E+07   0.228132E+07   0.228978E+07  -0.600393E+00   0.227698E+07   0.227698E+07   0.638622E+00
   0.137199E-03   0.228127E+07   0.228126E+07   0.301386E+07   0.301350E+07   0.228902E+07   0.228130E+07   0.228127E+07   0.228971E+07  -0.600374E+00   0.227693E+07   0.227693E+07   0.705069E+00
   0.151490E-03   0.228120E+07   0.228120E+07   0.300770E+07   0.300727E+07   0.228846E+07   0.228123E+07   0.228120E+07   0.228963E+07  -0.600351E+00   0.227687E+07   0.227687E+07   0.778410E+00
   0.167271E-03   0.228112E+07   0.228112E+07   0.300022E+07   0.299969E+07   0.228777E+07   0.228115E+07   0.228112E+07   0.228953E+07  -0.600323E+00   0.227679E+07   0.227679E+07   0.859355E+00
   0.184695E-03   0.228103E+07   0.228103E+07   0.299112E+07   0.299047E+07   0.228694E+07   0.228106E+07   0.228103E+07   0.228940E+07  -0.600288E+00   0.227669E+07   0.227669E+07   0.948683E+00
   0.203935E-03   0.228091E+07   0.228091E+07   0.298005E+07   0.297927E+07   0.228592E+07   0.228094E+07   0.228091E+07   0.228925E+07  -0.600247E+00   0.227658E+07   0.227658E+07   0.104725E+01
   0.225178E-03   0.228077E+07   0.228077E+07   0.296661E+07   0.296567E+07   0.228468E+07   0.228079E+07   0.228077E+07   0.228907E+07  -0.600196E+00   0.227644E+07   0.227644E+07   0.115600E+01
   0.248635E-03   0.228060E+07   0.228059E+07   0.295031E+07   0.294916E+07   0.228317E+07   0.228061E+07   0.228060E+07   0.228885E+07  -0.600134E+00   0.227626E+07   0.227626E+07   0.127596E+01
   0.274535E-03   0.228039E+07   0.228038E+07   0.293054E+07   0.292916E+07   0.228133E+07   0.228040E+07   0.228039E+07   0.228857E+07  -0.600059E+00   0.227606E+07   0.227605E+07   0.140825E+01
   0.303133E-03   0.228014E+07   0.228013E+07   0.290660E+07   0.290493E+07   0.227910E+07   0.228013E+07   0.228014E+07   0.228824E+07  -0.599968E+00   0.227580E+07   0.227580E+07   0.155412E+01
   0.334710E-03   0.227983E+07   0.227982E+07   0.287766E+07   0.287566E+07   0.227637E+07   0.227981E+07   0.227983E+07   0.228784E+07  -0.599857E+00   0.227549E+07   0.227549E+07   0.171489E+01
   0.369576E-03   0.227945E+07   0.227944E+07   0.284275E+07   0.284034E+07   0.227307E+07   0.227942E+07   0.227945E+07   0.228735E+07  -0.599722E+00   0.227511E+07   0.227511E+07   0.189203E+01
   0.408074E-03   0.227899E+07   0.227898E+07   0.280071E+07   0.279783E+07   0.226905E+07   0.227895E+07   0.227899E+07   0.228676E+07  -0.599558E+00   0.227465E+07   0.227465E+07   0.208712E+01
   0.450583E-03   0.227844E+07   0.227841E+07   0.275024E+07   0.274680E+07   0.226417E+07   0.227837E+07   0.227843E+07   0.228604E+07  -0.599359E+00   0.227409E+07   0.227409E+07   0.230186E+01
   0.497519E-03   0.227776E+07   0.227773E+07   0.268985E+07   0.268578E+07   0.225825E+07   0.227767E+07   0.227775E+07   0.228517E+07  -0.599118E+00   0.227341E+07   0.227341E+07   0.253805E+01
   0.549345E-03   0.227694E+07   0.227690E+07   0.261790E+07   0.261311E+07   0.225108E+07   0.227681E+07   0.227693E+07   0.228412E+07  -0.598827E+00   0.227258E+07   0.227258E+07   0.279766E+01
   0.606569E-03   0.227594E+07   0.227590E+07   0.253262E+07   0.252702E+07   0.224240E+07   0.227578E+07   0.227593E+07   0.228285E+07  -0.598475E+00   0.227158E+07   0.227158E+07   0.308272E+01
   0.669755E-03   0.227473E+07   0.227468E+07   0.243215E+07   0.242568E+07   0.223192E+07   0.227453E+07   0.227472E+07   0.228131E+07  -0.598050E+00   0.227036E+07   0.227036E+07   0.339539E+01
   0.739522E-03   0.227327E+07   0.227321E+07   0.231473E+07   0.230735E+07   0.221928E+07   0.227302E+07   0.227326E+07   0.227947E+07  -0.597539E+00   0.226889E+07   0.226889E+07   0.373787E+01
   0.816557E-03   0.227150E+07   0.227143E+07   0.217880E+07   0.217050E+07   0.220408E+07   0.227119E+07   0.227149E+07   0.227726E+07  -0.596927E+00   0.226711E+07   0.226710E+07   0.411244E+01
   0.901617E-03   0.226937E+07   0.226929E+07   0.202329E+07   0.201415E+07   0.218585E+07   0.226898E+07   0.226936E+07   0.227462E+07  -0.596193E+00   0.226495E+07   0.226495E+07   0.452135E+01
   0.995537E-03   0.226681E+07   0.226671E+07   0.184800E+07   0.183819E+07   0.216408E+07   0.226633E+07   0.226679E+07   0.227148E+07  -0.595320E+00   0.226236E+07   0.226235E+07   0.496686E+01
   0.109924E-02   0.226374E+07   0.226361E+07   0.165400E+07   0.164382E+07   0.213817E+07   0.226315E+07   0.226372E+07   0.226776E+07  -0.594284E+00   0.225924E+07   0.225923E+07   0.545110E+01
   0.121375E-02   0.226006E+07   0.225990E+07   0.144419E+07   0.143412E+07   0.210752E+07   0.225934E+07   0.226003E+07   0.226336E+07  -0.593061E+00   0.225550E+07   0.225549E+07   0.597610E+01
   0.134018E-02   0.225567E+07   0.225548E+07   0.122382E+07   0.121447E+07   0.207136E+07   0.225481E+07   0.225564E+07   0.225822E+07  -0.591627E+00   0.225103E+07   0.225101E+07   0.654376E+01
   0.147979E-02   0.225047E+07   0.225023E+07   0.100082E+07   0.992949E+06   0.202925E+07   0.224943E+07   0.225043E+07   0.225222E+07  -0.589956E+00   0.224571E+07   0.224569E+07   0.715583E+01
   0.163393E-02   0.224432E+07   0.224404E+07   0.785792E+06   0.780191E+06   0.198066E+07   0.224308E+07   0.224427E+07   0.224527E+07  -0.588023E+00   0.223941E+07   0.223939E+07   0.781399E+01
   0.180414E-02   0.223710E+07   0.223675E+07   0.591220E+06   0.588531E+06   0.192518E+07   0.223563E+07   0.223704E+07   0.223728E+07  -0.585804E+00   0.223199E+07   0.223197E+07   0.852001E+01
   0.199207E-02   0.222866E+07   0.222825E+07   0.429632E+06   0.430082E+06   0.186263E+07   0.222694E+07   0.222860E+07   0.222814E+07  -0.583276E+00   0.222332E+07   0.222329E+07   0.927597E+01
   0.219958E-02   0.221888E+07   0.221837E+07   0.310550E+06   0.313663E+06   0.179320E+07   0.221687E+07   0.221880E+07   0.221774E+07  -0.580415E+00   0.221323E+07   0.221320E+07   0.100845E+02
   0.242871E-02   0.220760E+07   0.220699E+07   0.236688E+06   0.241132E+06   0.171749E+07   0.220529E+07   0.220751E+07   0.220595E+07  -0.577198E+00   0.220161E+07   0.220157E+07   0.109492E+02
   0.268171E-02   0.219470E+07   0.219395E+07   0.200848E+06   0.204648E+06   0.163663E+07   0.219206E+07   0.219458E+07   0.219262E+07  -0.573594E+00   0.218832E+07   0.218827E+07   0.118745E+02
   0.296106E-02   0.218003E+07   0.217912E+07   0.186030E+06   0.187345E+06   0.155220E+07   0.217704E+07   0.217988E+07   0.217756E+07  -0.569567E+00   0.217324E+07   0.217318E+07   0.128659E+02
   0.326951E-02   0.216344E+07   0.216234E+07   0.171250E+06   0.169573E+06   0.146616E+07   0.216012E+07   0.216327E+07   0.216059E+07  -0.565071E+00   0.215626E+07   0.215619E+07   0.139291E+02
   0.361009E-02   0.214481E+07   0.214347E+07   0.142740E+06   0.139714E+06   0.138048E+07   0.214114E+07   0.214459E+07   0.214154E+07  -0.560053E+00   0.213725E+07   0.213717E+07   0.150696E+02
   0.398614E-02   0.212396E+07   0.212234E+07   0.103950E+06   0.102493E+06   0.129684E+07   0.211997E+07   0.212370E+07   0.212025E+07  -0.554464E+00   0.211609E+07   0.211598E+07   0.162920E+02
   0.440137E-02   0.210075E+07   0.209880E+07   0.727507E+05   0.742006E+05   0.121617E+07   0.209645E+07   0.210044E+07   0.209665E+07  -0.548263E+00   0.209260E+07   0.209247E+07   0.176002E+02
   0.485986E-02   0.207503E+07   0.207267E+07   0.614253E+05   0.634328E+05   0.113857E+07   0.207043E+07   0.207466E+07   0.207060E+07  -0.541418E+00   0.206663E+07   0.206648E+07   0.189979E+02
   0.536610E-02   0.204665E+07   0.204379E+07   0.589556E+05   0.536588E+05   0.106345E+07   0.204176E+07   0.204620E+07   0.204192E+07  -0.533893E+00   0.203802E+07   0.203785E+07   0.204894E+02
   0.592508E-02   0.201553E+07   0.201208E+07   0.466478E+05   0.433386E+05   0.987944E+06   0.201034E+07   0.201499E+07   0.201047E+07  -0.525657E+00   0.200671E+07   0.200650E+07   0.220780E+02
   0.654229E-02   0.198140E+07   0.197724E+07   0.312253E+05   0.349408E+05   0.911754E+06   0.197590E+07   0.198074E+07   0.197600E+07  -0.516633E+00   0.197240E+07   0.197215E+07   0.237650E+02
   0.722379E-02   0.194415E+07   0.193915E+07   0.285239E+05   0.281146E+05   0.835284E+06   0.193835E+07   0.194336E+07   0.193843E+07  -0.506796E+00   0.193499E+07   0.193469E+07   0.255493E+02
   0.797629E-02   0.190361E+07   0.189760E+07   0.247469E+05   0.225734E+05   0.757527E+06   0.189748E+07   0.190266E+07   0.189754E+07  -0.496098E+00   0.189427E+07   0.189392E+07   0.274277E+02
   0.880716E-02   0.185966E+07   0.185246E+07   0.161291E+05   0.180826E+05   0.681058E+06   0.185319E+07   0.185852E+07   0.185324E+07  -0.484510E+00   0.185016E+07   0.184974E+07   0.293925E+02
   0.972459E-02   0.181214E+07   0.180354E+07   0.159842E+05   0.144479E+05   0.608779E+06   0.180535E+07   0.181078E+07   0.180539E+07  -0.471992E+00   0.180249E+07   0.180199E+07   0.314303E+02
   0.107376E-01   0.176091E+07   0.175066E+07   0.106699E+05   0.115114E+05   0.542718E+06   0.175378E+07   0.175929E+07   0.175381E+07  -0.458504E+00   0.175109E+07   0.175051E+07   0.335209E+02
   0.118561E-01   0.170581E+07   0.169364E+07   0.100749E+05   0.914270E+04   0.480131E+06   0.169835E+07   0.170388E+07   0.169838E+07  -0.444006E+00   0.169584E+07   0.169516E+07   0.356340E+02
   0.130911E-01   0.164673E+07   0.163235E+07   0.659995E+04   0.723592E+04   0.418886E+06   0.163891E+07   0.164446E+07   0.163893E+07  -0.428463E+00   0.163659E+07   0.163580E+07   0.377279E+02
   0.144548E-01   0.158356E+07   0.156664E+07   0.604319E+04   0.570438E+04   0.362767E+06   0.157538E+07   0.158088E+07   0.157539E+07  -0.411848E+00   0.157324E+07   0.157231E+07   0.397456E+02
   0.159606E-01   0.151623E+07   0.149646E+07   0.488518E+04   0.447731E+04   0.312508E+06   0.150768E+07   0.151311E+07   0.150769E+07  -0.394147E+00   0.150573E+07   0.150465E+07   0.416127E+02
   0.176232E-01   0.144476E+07   0.142182E+07   0.331100E+04   0.349695E+04   0.266064E+06   0.143582E+07   0.144113E+07   0.143582E+07  -0.375358E+00   0.143405E+07   0.143282E+07   0.432342E+02
   0.194589E-01   0.136925E+07   0.134289E+07   0.247561E+04   0.271631E+04   0.224110E+06   0.135992E+07   0.136508E+07   0.135992E+07  -0.355515E+00   0.135834E+07   0.135694E+07   0.444928E+02
   0.214860E-01   0.128997E+07   0.126004E+07   0.201724E+04   0.209723E+04   0.187226E+06   0.128027E+07   0.128524E+07   0.128028E+07  -0.334693E+00   0.127888E+07   0.127730E+07   0.452497E+02
   0.237241E-01   0.120745E+07   0.117390E+07   0.187643E+04   0.160862E+04   0.154393E+06   0.119740E+07   0.120214E+07   0.119741E+07  -0.313028E+00   0.119618E+07   0.119444E+07   0.453477E+02
   0.261954E-01   0.112247E+07   0.108552E+07   0.104813E+04   0.122531E+04   0.126056E+06   0.111215E+07   0.111663E+07   0.111215E+07  -0.290739E+00   0.111109E+07   0.110920E+07   0.446210E+02
   0.289242E-01   0.103623E+07   0.996357E+06   0.107769E+04   0.926799E+03   0.101780E+06   0.102572E+07   0.102992E+07   0.102573E+07  -0.268145E+00   0.102482E+07   0.102282E+07   0.429123E+02
   0.319371E-01   0.950308E+06   0.908389E+06   0.711693E+03   0.696393E+03   0.812900E+05   0.939778E+06   0.943678E+06   0.939780E+06  -0.245677E+00   0.939015E+06   0.936944E+06   0.401002E+02
   0.352640E-01   0.866700E+06   0.824011E+06   0.552726E+03   0.520430E+03   0.643551E+05   0.856350E+06   0.859948E+06   0.856352E+06  -0.223866E+00   0.855703E+06   0.853642E+06   0.361379E+02
   0.389374E-01   0.787638E+06   0.745848E+06   0.374669E+03   0.387645E+03   0.506298E+05   0.777725E+06   0.781028E+06   0.777726E+06  -0.203312E+00   0.777168E+06   0.775209E+06   0.311006E+02
   0.429934E-01   0.715297E+06   0.676336E+06   0.271275E+03   0.288667E+03   0.396746E+05   0.706107E+06   0.709135E+06   0.706108E+06  -0.184590E+00   0.705612E+06   0.703858E+06   0.252332E+02
   0.472928E-01   0.653360E+06   0.618918E+06   0.217987E+03   0.217971E+03   0.313573E+05   0.645124E+06   0.647912E+06   0.645125E+06  -0.168647E+00   0.644661E+06   0.643191E+06   0.192218E+02
   0.515921E-01   0.604407E+06   0.575300E+06   0.169577E+03   0.169565E+03   0.253673E+05   0.597205E+06   0.599803E+06   0.597206E+06  -0.156120E+00   0.596754E+06   0.595595E+06   0.138925E+02
   0.558915E-01   0.564545E+06   0.540809E+06   0.135105E+03   0.135095E+03   0.209124E+05   0.558350E+06   0.560791E+06   0.558350E+06  -0.145963E+00   0.557900E+06   0.557035E+06   0.956690E+01
   0.601908E-01   0.530765E+06   0.511772E+06   0.109641E+03   0.109633E+03   0.174758E+05   0.525454E+06   0.527761E+06   0.525454E+06  -0.137363E+00   0.525005E+06   0.524384E+06   0.638651E+01
   0.644902E-01   0.500838E+06   0.485497E+06   0.902029E+02   0.901965E+02   0.147604E+05   0.496224E+06   0.498411E+06   0.496224E+06  -0.129722E+00   0.495784E+06   0.495332E+06   0.433150E+01
   0.687895E-01   0.472905E+06   0.459903E+06   0.748969E+02   0.748916E+02   0.125428E+05   0.468776E+06   0.470849E+06   0.468776E+06  -0.122546E+00   0.468353E+06   0.467991E+06   0.325784E+01
   0.730889E-01   0.445563E+06   0.433604E+06   0.625135E+02   0.625091E+02   0.106892E+05   0.441713E+06   0.443671E+06   0.441713E+06  -0.115472E+00   0.441318E+06   0.440970E+06   0.294060E+01
   0.773882E-01   0.418308E+06   0.406317E+06   0.523309E+02   0.523272E+02   0.911573E+04   0.414569E+06   0.416411E+06   0.414569E+06  -0.108376E+00   0.414210E+06   0.413820E+06   0.311893E+01
   0.816876E-01   0.391412E+06   0.378667E+06   0.439159E+02   0.439128E+02   0.777920E+04   0.387670E+06   0.389396E+06   0.387670E+06  -0.101344E+00   0.387353E+06   0.386885E+06   0.353737E+01
   0.859869E-01   0.365565E+06   0.351754E+06   0.369818E+02   0.369791E+02   0.665432E+04   0.361767E+06   0.363380E+06   0.361767E+06  -0.945722E-01   0.361490E+06   0.360937E+06   0.397913E+01
   0.902862E-01   0.341460E+06   0.326658E+06   0.313003E+02   0.312981E+02   0.571438E+04   0.337611E+06   0.339119E+06   0.337611E+06  -0.882574E-01   0.337371E+06   0.336745E+06   0.428763E+01
   0.956435E-01   0.314663E+06   0.299181E+06   0.256763E+02   0.256745E+02   0.476258E+04   0.310823E+06   0.312214E+06   0.310824E+06  -0.812547E-01   0.310619E+06   0.309945E+06   0.435817E+01
   0.101001E+00   0.292100E+06   0.276836E+06   0.213622E+02   0.213607E+02   0.401808E+04   0.288394E+06   0.289686E+06   0.288394E+06  -0.753912E-01   0.288211E+06   0.287548E+06   0.405643E+01
   0.106358E+00   0.273977E+06   0.259830E+06   0.180713E+02   0.180700E+02   0.344208E+04   0.270526E+06   0.271739E+06   0.270526E+06  -0.707202E-01   0.270351E+06   0.269755E+06   0.346614E+01
   0.111715E+00   0.259753E+06   0.247366E+06   0.155402E+02   0.155391E+02   0.299342E+04   0.256642E+06   0.257794E+06   0.256642E+06  -0.670906E-01   0.256465E+06   0.255971E+06   0.273494E+01
   0.117072E+00   0.248245E+06   0.237857E+06   0.135377E+02   0.135367E+02   0.263479E+04   0.245498E+06   0.246602E+06   0.245498E+06  -0.641775E-01   0.245316E+06   0.244934E+06   0.201998E+01
   0.122430E+00   0.238098E+06   0.229536E+06   0.118852E+02   0.118844E+02   0.233476E+04   0.235684E+06   0.236744E+06   0.235684E+06  -0.616119E-01   0.235497E+06   0.235211E+06   0.144490E+01
   0.127787E+00   0.228227E+06   0.221003E+06   0.104651E+02   0.104644E+02   0.207327E+04   0.226066E+06   0.227084E+06   0.226066E+06  -0.590977E-01   0.225879E+06   0.225657E+06   0.107592E+01
   0.133144E+00   0.217998E+06   0.211481E+06   0.921057E+01   0.920991E+01   0.183937E+04   0.215994E+06   0.216967E+06   0.215994E+06  -0.564646E-01   0.215813E+06   0.215616E+06   0.918106E+00
   0.138501E+00   0.207253E+06   0.200844E+06   0.809067E+01   0.809010E+01   0.162770E+04   0.205314E+06   0.206240E+06   0.205314E+06  -0.536727E-01   0.205146E+06   0.204938E+06   0.927591E+00
   0.143859E+00   0.196200E+06   0.189474E+06   0.709503E+01   0.709453E+01   0.143713E+04   0.194260E+06   0.195136E+06   0.194260E+06  -0.507830E-01   0.194108E+06   0.193868E+06   0.103295E+01
   0.149216E+00   0.185256E+06   0.178038E+06   0.622162E+01   0.622118E+01   0.126792E+04   0.183287E+06   0.184114E+06   0.183287E+06  -0.479145E-01   0.183152E+06   0.182872E+06   0.115857E+01
   0.154573E+00   0.174930E+06   0.167292E+06   0.547009E+01   0.546971E+01   0.112098E+04   0.172942E+06   0.173722E+06   0.172942E+06  -0.452099E-01   0.172822E+06   0.172511E+06   0.124375E+01
   0.159930E+00   0.165720E+06   0.157913E+06   0.483777E+01   0.483742E+01   0.997043E+03   0.163746E+06   0.164485E+06   0.163746E+06  -0.428059E-01   0.163637E+06   0.163312E+06   0.125381E+01
   0.165287E+00   0.157932E+06   0.150292E+06   0.431547E+01   0.431516E+01   0.893823E+03   0.156019E+06   0.156724E+06   0.156019E+06  -0.407861E-01   0.155917E+06   0.155601E+06   0.118262E+01
   0.170645E+00   0.151548E+06   0.144386E+06   0.388588E+01   0.388560E+01   0.807701E+03   0.149738E+06   0.150415E+06   0.149738E+06  -0.391442E-01   0.149638E+06   0.149349E+06   0.104771E+01
   0.176002E+00   0.146261E+06   0.139785E+06   0.352737E+01   0.352712E+01   0.736067E+03   0.144583E+06   0.145236E+06   0.144583E+06  -0.377965E-01   0.144482E+06   0.144231E+06   0.880563E+00
   0.181359E+00   0.141672E+06   0.135946E+06   0.322005E+01   0.321982E+01   0.674666E+03   0.140133E+06   0.140767E+06   0.140133E+06  -0.366332E-01   0.140030E+06   0.139820E+06   0.715479E+00
   0.186716E+00   0.137408E+06   0.132353E+06   0.294838E+01   0.294817E+01   0.620022E+03   0.135994E+06   0.136609E+06   0.135994E+06  -0.355511E-01   0.135889E+06   0.135714E+06   0.580319E+00
   0.192074E+00   0.133147E+06   0.128580E+06   0.270096E+01   0.270077E+01   0.569771E+03   0.131828E+06   0.132424E+06   0.131828E+06  -0.344621E-01   0.131724E+06   0.131572E+06   0.490918E+00
   0.197431E+00   0.128662E+06   0.124360E+06   0.247063E+01   0.247045E+01   0.522760E+03   0.127405E+06   0.127982E+06   0.127405E+06  -0.333059E-01   0.127304E+06   0.127161E+06   0.449594E+00
   0.202788E+00   0.123904E+06   0.119657E+06   0.225486E+01   0.225470E+01   0.478570E+03   0.122677E+06   0.123232E+06   0.122677E+06  -0.320700E-01   0.122581E+06   0.122435E+06   0.447203E+00
   0.208145E+00   0.118997E+06   0.114661E+06   0.205472E+01   0.205457E+01   0.437373E+03   0.117778E+06   0.118311E+06   0.117778E+06  -0.307892E-01   0.117689E+06   0.117531E+06   0.467647E+00
   0.213503E+00   0.114147E+06   0.109666E+06   0.187236E+01   0.187223E+01   0.399630E+03   0.112927E+06   0.113439E+06   0.112927E+06  -0.295212E-01   0.112845E+06   0.112674E+06   0.493225E+00
   0.218860E+00   0.109555E+06   0.104957E+06   0.170931E+01   0.170919E+01   0.365689E+03   0.108337E+06   0.108828E+06   0.108337E+06  -0.283212E-01   0.108261E+06   0.108080E+06   0.509253E+00
   0.224217E+00   0.105373E+06   0.100750E+06   0.156591E+01   0.156580E+01   0.335757E+03   0.104170E+06   0.104642E+06   0.104170E+06  -0.272319E-01   0.104098E+06   0.103914E+06   0.506941E+00
   0.229574E+00   0.101690E+06   0.971590E+05   0.144130E+01   0.144120E+01   0.309759E+03   0.100518E+06   0.100973E+06   0.100518E+06  -0.262771E-01   0.100449E+06   0.100269E+06   0.484278E+00
   0.234931E+00   0.985038E+05   0.941766E+05   0.133335E+01   0.133325E+01   0.287188E+03   0.973783E+05   0.978194E+05   0.973783E+05  -0.254564E-01   0.973106E+05   0.971415E+05   0.445122E+00
   0.240289E+00   0.957323E+05   0.916830E+05   0.123906E+01   0.123897E+01   0.267343E+03   0.946630E+05   0.950918E+05   0.946630E+05  -0.247465E-01   0.945956E+05   0.944414E+05   0.397040E+00
   0.245646E+00   0.932421E+05   0.894943E+05   0.115520E+01   0.115511E+01   0.249638E+03   0.922314E+05   0.926493E+05   0.922314E+05  -0.241109E-01   0.921640E+05   0.920255E+05   0.348668E+00
   0.251003E+00   0.908869E+05   0.874147E+05   0.107884E+01   0.107877E+01   0.233561E+03   0.899302E+05   0.903377E+05   0.899302E+05  -0.235093E-01   0.898628E+05   0.897381E+05   0.307349E+00
   0.256360E+00   0.885389E+05   0.852797E+05   0.100775E+01   0.100768E+01   0.218586E+03   0.876264E+05   0.880235E+05   0.876264E+05  -0.229070E-01   0.875598E+05   0.874447E+05   0.277584E+00
   0.261718E+00   0.861210E+05   0.829953E+05   0.940595E+00   0.940528E+00   0.204310E+03   0.852403E+05   0.856266E+05   0.852403E+05  -0.222833E-01   0.851753E+05   0.850650E+05   0.260470E+00
   0.267075E+00   0.836235E+05   0.805564E+05   0.876981E+00   0.876919E+00   0.190712E+03   0.827632E+05   0.831384E+05   0.827632E+05  -0.216357E-01   0.827005E+05   0.825908E+05   0.254066E+00
   0.272432E+00   0.810903E+05   0.780280E+05   0.817138E+00   0.817080E+00   0.177965E+03   0.802422E+05   0.806060E+05   0.802422E+05  -0.209767E-01   0.801823E+05   0.800702E+05   0.254440E+00
   0.277789E+00   0.785872E+05   0.755058E+05   0.761468E+00   0.761414E+00   0.166111E+03   0.777474E+05   0.780999E+05   0.777474E+05  -0.203245E-01   0.776905E+05   0.775750E+05   0.257003E+00
   0.283147E+00   0.761803E+05   0.730857E+05   0.710300E+00   0.710250E+00   0.155146E+03   0.753493E+05   0.756909E+05   0.753493E+05  -0.196976E-01   0.752950E+05   0.751770E+05   0.257740E+00
   0.288504E+00   0.739282E+05   0.708490E+05   0.663819E+00   0.663772E+00   0.145144E+03   0.731097E+05   0.734412E+05   0.731097E+05  -0.191121E-01   0.730577E+05   0.729392E+05   0.254042E+00
   0.293861E+00   0.718710E+05   0.688470E+05   0.621986E+00   0.621941E+00   0.136140E+03   0.710704E+05   0.713927E+05   0.710704E+05  -0.185790E-01   0.710201E+05   0.709037E+05   0.245045E+00
   0.299218E+00   0.700147E+05   0.670845E+05   0.584442E+00   0.584401E+00   0.128072E+03   0.692373E+05   0.695512E+05   0.692373E+05  -0.180998E-01   0.691880E+05   0.690760E+05   0.231489E+00
   0.304575E+00   0.683290E+05   0.655201E+05   0.550557E+00   0.550517E+00   0.120798E+03   0.675783E+05   0.678848E+05   0.675783E+05  -0.176661E-01   0.675297E+05   0.674237E+05   0.215224E+00
   0.309933E+00   0.667639E+05   0.640868E+05   0.519603E+00   0.519566E+00   0.114116E+03   0.660410E+05   0.663405E+05   0.660410E+05  -0.172642E-01   0.659929E+05   0.658934E+05   0.198535E+00
   0.315290E+00   0.652690E+05   0.627169E+05   0.490940E+00   0.490905E+00   0.107885E+03   0.645725E+05   0.648654E+05   0.645725E+05  -0.168804E-01   0.645249E+05   0.644314E+05   0.183496E+00
   0.320647E+00   0.638038E+05   0.613564E+05   0.464077E+00   0.464044E+00   0.102066E+03   0.631304E+05   0.634167E+05   0.631304E+05  -0.165034E-01   0.630835E+05   0.629946E+05   0.171499E+00
   0.326004E+00   0.623398E+05   0.599698E+05   0.438674E+00   0.438643E+00   0.965919E+02   0.616851E+05   0.619649E+05   0.616851E+05  -0.161256E-01   0.616392E+05   0.615532E+05   0.163049E+00
   0.331362E+00   0.608642E+05   0.585444E+05   0.414546E+00   0.414516E+00   0.913676E+02   0.602241E+05   0.604973E+05   0.602241E+05  -0.157436E-01   0.601793E+05   0.600948E+05   0.157803E+00
   0.336719E+00   0.593839E+05   0.570933E+05   0.391663E+00   0.391635E+00   0.863695E+02   0.587550E+05   0.590216E+05   0.587550E+05  -0.153596E-01   0.587116E+05   0.586273E+05   0.154804E+00
   0.342076E+00   0.579218E+05   0.556492E+05   0.370104E+00   0.370078E+00   0.816638E+02   0.573024E+05   0.575624E+05   0.573024E+05  -0.149798E-01   0.572604E+05   0.571759E+05   0.152826E+00
   0.347433E+00   0.565060E+05   0.542505E+05   0.349966E+00   0.349942E+00   0.772973E+02   0.558957E+05   0.561493E+05   0.558957E+05  -0.146121E-01   0.558551E+05   0.557704E+05   0.150709E+00
   0.352791E+00   0.551581E+05   0.529273E+05   0.331291E+00   0.331268E+00   0.732365E+02   0.545578E+05   0.548053E+05   0.545578E+05  -0.142623E-01   0.545184E+05   0.544342E+05   0.147621E+00
   0.358148E+00   0.538890E+05   0.516952E+05   0.314043E+00   0.314021E+00   0.694561E+02   0.533002E+05   0.535420E+05   0.533002E+05  -0.139336E-01   0.532619E+05   0.531789E+05   0.143192E+00
   0.363505E+00   0.527003E+05   0.505563E+05   0.298132E+00   0.298111E+00   0.659698E+02   0.521247E+05   0.523612E+05   0.521247E+05  -0.136263E-01   0.520872E+05   0.520063E+05   0.137506E+00
   0.368862E+00   0.515862E+05   0.495021E+05   0.283429E+00   0.283408E+00   0.627615E+02   0.510250E+05   0.512566E+05   0.510250E+05  -0.133388E-01   0.509882E+05   0.509100E+05   0.130993E+00
   0.374219E+00   0.505341E+05   0.485145E+05   0.269776E+00   0.269757E+00   0.597784E+02   0.499879E+05   0.502147E+05   0.499879E+05  -0.130677E-01   0.499515E+05   0.498763E+05   0.124253E+00
   0.379577E+00   0.495261E+05   0.475698E+05   0.257006E+00   0.256987E+00   0.569816E+02   0.489944E+05   0.492167E+05   0.489944E+05  -0.128080E-01   0.489585E+05   0.488862E+05   0.117883E+00
   0.384934E+00   0.485442E+05   0.466450E+05   0.244964E+00   0.244946E+00   0.543365E+02   0.480259E+05   0.482438E+05   0.480259E+05  -0.125548E-01   0.479906E+05   0.479207E+05   0.112331E+00
   0.390291E+00   0.475760E+05   0.457248E+05   0.233541E+00   0.233524E+00   0.518236E+02   0.470696E+05   0.472832E+05   0.470696E+05  -0.123048E-01   0.470350E+05   0.469669E+05   0.107811E+00
   0.395648E+00   0.466170E+05   0.448038E+05   0.222679E+00   0.222663E+00   0.494466E+02   0.461209E+05   0.463302E+05   0.461209E+05  -0.120568E-01   0.460870E+05   0.460202E+05   0.104298E+00
   0.401006E+00   0.456686E+05   0.438852E+05   0.212353E+00   0.212338E+00   0.471845E+02   0.451815E+05   0.453865E+05   0.451815E+05  -0.118112E-01   0.451483E+05   0.450825E+05   0.101576E+00
   0.406363E+00   0.447360E+05   0.429769E+05   0.202558E+00   0.202543E+00   0.450190E+02   0.442569E+05   0.444577E+05   0.442569E+05  -0.115695E-01   0.442245E+05   0.441592E+05   0.993175E-01
   0.411720E+00   0.438261E+05   0.420896E+05   0.193297E+00   0.193283E+00   0.429707E+02   0.433547E+05   0.435514E+05   0.433547E+05  -0.113337E-01   0.433231E+05   0.432584E+05   0.971866E-01
   0.417077E+00   0.429464E+05   0.412336E+05   0.184574E+00   0.184561E+00   0.410595E+02   0.424827E+05   0.426755E+05   0.424827E+05  -0.111057E-01   0.424518E+05   0.423878E+05   0.949140E-01
   0.422435E+00   0.421026E+05   0.404168E+05   0.176382E+00   0.176370E+00   0.392656E+02   0.416469E+05   0.418360E+05   0.416469E+05  -0.108872E-01   0.416167E+05   0.415537E+05   0.923480E-01
   0.427792E+00   0.412969E+05   0.396421E+05   0.168700E+00   0.168688E+00   0.375634E+02   0.408498E+05   0.410352E+05   0.408498E+05  -0.106788E-01   0.408201E+05   0.407583E+05   0.894649E-01
   0.433149E+00   0.405276E+05   0.389070E+05   0.161490E+00   0.161478E+00   0.359602E+02   0.400893E+05   0.402713E+05   0.400893E+05  -0.104800E-01   0.400602E+05   0.399997E+05   0.863489E-01
   0.438506E+00   0.397898E+05   0.382054E+05   0.154704E+00   0.154693E+00   0.344665E+02   0.393605E+05   0.395392E+05   0.393605E+05  -0.102895E-01   0.393319E+05   0.392729E+05   0.831510E-01
   0.443863E+00   0.390774E+05   0.375291E+05   0.148294E+00   0.148284E+00   0.330621E+02   0.386571E+05   0.388325E+05   0.386571E+05  -0.101056E-01   0.386289E+05   0.385714E+05   0.800399E-01
   0.449221E+00   0.383852E+05   0.368712E+05   0.142218E+00   0.142208E+00   0.317165E+02   0.379734E+05   0.381458E+05   0.379734E+05  -0.992689E-02   0.379456E+05   0.378896E+05   0.771569E-01
   0.454578E+00   0.377090E+05   0.362261E+05   0.136442E+00   0.136432E+00   0.304297E+02   0.373051E+05   0.374744E+05   0.373051E+05  -0.975219E-02   0.372778E+05   0.372230E+05   0.745865E-01
   0.459935E+00   0.370453E+05   0.355900E+05   0.130937E+00   0.130928E+00   0.292092E+02   0.366487E+05   0.368151E+05   0.366487E+05  -0.958061E-02   0.366219E+05   0.365681E+05   0.723463E-01
   0.465292E+00   0.363924E+05   0.349615E+05   0.125684E+00   0.125675E+00   0.280506E+02   0.360027E+05   0.361661E+05   0.360027E+05  -0.941171E-02   0.359763E+05   0.359234E+05   0.703946E-01
   0.470650E+00   0.357513E+05   0.343422E+05   0.120673E+00   0.120664E+00   0.269489E+02   0.353679E+05   0.355284E+05   0.353679E+05  -0.924577E-02   0.353420E+05   0.352898E+05   0.686503E-01
   0.476007E+00   0.351248E+05   0.337361E+05   0.115902E+00   0.115893E+00   0.258908E+02   0.347474E+05   0.349051E+05   0.347474E+05  -0.908357E-02   0.347221E+05   0.346705E+05   0.670174E-01
   0.481364E+00   0.345155E+05   0.331469E+05   0.111368E+00   0.111360E+00   0.248750E+02   0.341440E+05   0.342991E+05   0.341440E+05  -0.892584E-02   0.341192E+05   0.340683E+05   0.654100E-01
   0.486721E+00   0.339247E+05   0.325768E+05   0.107064E+00   0.107056E+00   0.239185E+02   0.335592E+05   0.337115E+05   0.335592E+05  -0.877295E-02   0.335348E+05   0.334846E+05   0.637693E-01
   0.492079E+00   0.333528E+05   0.320263E+05   0.102979E+00   0.102971E+00   0.230223E+02   0.329932E+05   0.331430E+05   0.329932E+05  -0.862499E-02   0.329692E+05   0.329198E+05   0.620718E-01
   0.497436E+00   0.327996E+05   0.314956E+05   0.991015E-01   0.990944E-01   0.221641E+02   0.324461E+05   0.325934E+05   0.324461E+05  -0.848196E-02   0.324225E+05   0.323739E+05   0.603269E-01
   0.502793E+00   0.322646E+05   0.309836E+05   0.954196E-01   0.954128E-01   0.213376E+02   0.319171E+05   0.320620E+05   0.319171E+05  -0.834368E-02   0.318939E+05   0.318462E+05   0.585681E-01
   0.508150E+00   0.317459E+05   0.304879E+05   0.919176E-01   0.919111E-01   0.205562E+02   0.314043E+05   0.315469E+05   0.314043E+05  -0.820964E-02   0.313815E+05   0.313348E+05   0.568396E-01
   0.513507E+00   0.312409E+05   0.300053E+05   0.885791E-01   0.885727E-01   0.198201E+02   0.309051E+05   0.310454E+05   0.309051E+05  -0.807913E-02   0.308826E+05   0.308368E+05   0.551839E-01
   0.518865E+00   0.307474E+05   0.295332E+05   0.853898E-01   0.853837E-01   0.191154E+02   0.304172E+05   0.305553E+05   0.304172E+05  -0.795159E-02   0.303950E+05   0.303500E+05   0.536310E-01
   0.524222E+00   0.302643E+05   0.290702E+05   0.823396E-01   0.823338E-01   0.184335E+02   0.299395E+05   0.300754E+05   0.299395E+05  -0.782670E-02   0.299177E+05   0.298734E+05   0.521940E-01
   0.529579E+00   0.297912E+05   0.286158E+05   0.794210E-01   0.794153E-01   0.177806E+02   0.294715E+05   0.296053E+05   0.294715E+05  -0.770436E-02   0.294500E+05   0.294064E+05   0.508683E-01
   0.534936E+00   0.293279E+05   0.281700E+05   0.766272E-01   0.766217E-01   0.171603E+02   0.290130E+05   0.291447E+05   0.290130E+05  -0.758450E-02   0.289918E+05   0.289489E+05   0.496351E-01
   0.540294E+00   0.288742E+05   0.277330E+05   0.739526E-01   0.739474E-01   0.165662E+02   0.285640E+05   0.286937E+05   0.285640E+05  -0.746713E-02   0.285432E+05   0.285008E+05   0.484686E-01
   0.545651E+00   0.284307E+05   0.273056E+05   0.713932E-01   0.713881E-01   0.159964E+02   0.281250E+05   0.282527E+05   0.281250E+05  -0.735237E-02   0.281045E+05   0.280628E+05   0.473423E-01
   0.551008E+00   0.279980E+05   0.268890E+05   0.689459E-01   0.689409E-01   0.154500E+02   0.276969E+05   0.278226E+05   0.276969E+05  -0.724044E-02   0.276767E+05   0.276355E+05   0.462353E-01
   0.556365E+00   0.275769E+05   0.264839E+05   0.666070E-01   0.666022E-01   0.149271E+02   0.272802E+05   0.274040E+05   0.272802E+05  -0.713150E-02   0.272603E+05   0.272197E+05   0.451352E-01
   0.561723E+00   0.271670E+05   0.260902E+05   0.643713E-01   0.643667E-01   0.144310E+02   0.268747E+05   0.269967E+05   0.268747E+05  -0.702550E-02   0.268551E+05   0.268151E+05   0.440393E-01
   0.567080E+00   0.267677E+05   0.257070E+05   0.622325E-01   0.622281E-01   0.139570E+02   0.264797E+05   0.265999E+05   0.264797E+05  -0.692224E-02   0.264604E+05   0.264210E+05   0.429527E-01
   0.572437E+00   0.263782E+05   0.253336E+05   0.601848E-01   0.601805E-01   0.134970E+02   0.260945E+05   0.262130E+05   0.260945E+05  -0.682155E-02   0.260755E+05   0.260367E+05   0.418856E-01
   0.577794E+00   0.259981E+05   0.249694E+05   0.582230E-01   0.582189E-01   0.130558E+02   0.257186E+05   0.258354E+05   0.257186E+05  -0.672329E-02   0.256999E+05   0.256617E+05   0.408494E-01
   0.583151E+00   0.256269E+05   0.246135E+05   0.563422E-01   0.563382E-01   0.126401E+02   0.253515E+05   0.254666E+05   0.253515E+05  -0.662731E-02   0.253330E+05   0.252954E+05   0.398539E-01
   0.588509E+00   0.252636E+05   0.242651E+05   0.545372E-01   0.545333E-01   0.122399E+02   0.249922E+05   0.251057E+05   0.249922E+05  -0.653339E-02   0.249740E+05   0.249370E+05   0.389046E-01
   0.593866E+00   0.249077E+05   0.239234E+05   0.528031E-01   0.527994E-01   0.118491E+02   0.246401E+05   0.247520E+05   0.246401E+05  -0.644135E-02   0.246221E+05   0.245856E+05   0.380022E-01
   0.599223E+00   0.245587E+05   0.235882E+05   0.511366E-01   0.511329E-01   0.114737E+02   0.242949E+05   0.244052E+05   0.242949E+05  -0.635110E-02   0.242772E+05   0.242412E+05   0.371432E-01
   0.604580E+00   0.242169E+05   0.232596E+05   0.495351E-01   0.495316E-01   0.111188E+02   0.239567E+05   0.240655E+05   0.239567E+05  -0.626270E-02   0.239393E+05   0.239038E+05   0.363209E-01
   0.609938E+00   0.238825E+05   0.229380E+05   0.479965E-01   0.479931E-01   0.107792E+02   0.236258E+05   0.237331E+05   0.236258E+05  -0.617619E-02   0.236086E+05   0.235736E+05   0.355278E-01
   0.615295E+00   0.235552E+05   0.226233E+05   0.465180E-01   0.465146E-01   0.104474E+02   0.233020E+05   0.234078E+05   0.233020E+05  -0.609155E-02   0.232851E+05   0.232505E+05   0.347566E-01
   0.620652E+00   0.232350E+05   0.223155E+05   0.450968E-01   0.450935E-01   0.101259E+02   0.229852E+05   0.230896E+05   0.229852E+05  -0.600873E-02   0.229685E+05   0.229343E+05   0.340021E-01
   0.626009E+00   0.229218E+05   0.220145E+05   0.437306E-01   0.437275E-01   0.981965E+01   0.226753E+05   0.227783E+05   0.226753E+05  -0.592772E-02   0.226588E+05   0.226251E+05   0.332615E-01
   0.673400E+00   0.204252E+05   0.196176E+05   0.336760E-01   0.336736E-01   0.757061E+01   0.202057E+05   0.202975E+05   0.202057E+05  -0.528212E-02   0.201910E+05   0.201610E+05   0.275058E-01
   0.724379E+00   0.181861E+05   0.174671E+05   0.259125E-01   0.259106E-01   0.583403E+01   0.179907E+05   0.180724E+05   0.179907E+05  -0.470307E-02   0.179776E+05   0.179509E+05   0.227618E-01
   0.779218E+00   0.161817E+05   0.155419E+05   0.199255E-01   0.199241E-01   0.448684E+01   0.160078E+05   0.160805E+05   0.160078E+05  -0.418472E-02   0.159962E+05   0.159725E+05   0.188265E-01
   0.838207E+00   0.143890E+05   0.138202E+05   0.153119E-01   0.153108E-01   0.345227E+01   0.142344E+05   0.142990E+05   0.142344E+05  -0.372111E-02   0.142240E+05   0.142029E+05   0.155589E-01
   0.901663E+00   0.127870E+05   0.122815E+05   0.117593E-01   0.117585E-01   0.265185E+01   0.126496E+05   0.127071E+05   0.126496E+05  -0.330682E-02   0.126404E+05   0.126216E+05   0.128504E-01
   0.969922E+00   0.113564E+05   0.109076E+05   0.902547E-02   0.902483E-02   0.203712E+01   0.112344E+05   0.112854E+05   0.112344E+05  -0.293687E-02   0.112262E+05   0.112096E+05   0.106076E-01
   0.104335E+01   0.100801E+05   0.968172E+04   0.692321E-02   0.692272E-02   0.156396E+01   0.997179E+04   0.100171E+05   0.997179E+04  -0.260680E-02   0.996453E+04   0.994977E+04   0.875144E-02
   0.126616E+01   0.732770E+04   0.703817E+04   0.341738E-02   0.341714E-02   0.772650E+00   0.724898E+04   0.728191E+04   0.724898E+04  -0.189501E-02   0.724370E+04   0.723297E+04   0.524086E-02
   0.158124E+01   0.505843E+04   0.485859E+04   0.151259E-02   0.151248E-02   0.342086E+00   0.500409E+04   0.502682E+04   0.500409E+04  -0.130815E-02   0.500044E+04   0.499304E+04   0.289717E-02
   0.197473E+01   0.347686E+04   0.333953E+04   0.666614E-03   0.666566E-03   0.150826E+00   0.343951E+04   0.345514E+04   0.343951E+04  -0.899148E-03   0.343701E+04   0.343191E+04   0.159539E-02
   0.246614E+01   0.238045E+04   0.228643E+04   0.292635E-03   0.292614E-03   0.662498E-01   0.235488E+04   0.236558E+04   0.235488E+04  -0.615606E-03   0.235316E+04   0.234967E+04   0.875647E-03
