1.000000E+00
1.035232E+00
1.071705E+00
1.109463E+00
1.148551E+00
1.189017E+00
1.230908E+00
1.274275E+00
1.319170E+00
1.365647E+00
1.413761E+00
1.463570E+00
1.515134E+00
1.568515E+00
1.623777E+00
1.680985E+00
1.740209E+00
1.801520E+00
1.864991E+00
1.930698E+00
1.998720E+00
2.069138E+00
2.142037E+00
2.217505E+00
2.295632E+00
2.376511E+00
2.460240E+00
2.546918E+00
2.636651E+00
2.729545E+00
2.825712E+00
2.925266E+00
3.028329E+00
3.135022E+00
3.245474E+00
3.359818E+00
3.478191E+00
3.600733E+00
3.727594E+00
3.858923E+00
3.994880E+00
4.135627E+00
4.281332E+00
4.432171E+00
4.588325E+00
4.749979E+00
4.917330E+00
5.090576E+00
5.269926E+00
5.455595E+00
5.647805E+00
5.846787E+00
6.052780E+00
6.266030E+00
6.486794E+00
6.715335E+00
6.951928E+00
7.196857E+00
7.450415E+00
7.712906E+00
7.984645E+00
8.265959E+00
8.557183E+00
8.858668E+00
9.170775E+00
9.493877E+00
9.828363E+00
1.017463E+01
1.053310E+01
1.090420E+01
1.128838E+01
1.168609E+01
1.209781E+01
1.252404E+01
1.296528E+01
1.342207E+01
1.389495E+01
1.438450E+01
1.489129E+01
1.541594E+01
1.595907E+01
1.652133E+01
1.710341E+01
1.770599E+01
1.832981E+01
1.897560E+01
1.964414E+01
2.033624E+01
2.105272E+01
2.179445E+01
2.256230E+01
2.335721E+01
2.418013E+01
2.503204E+01
2.591396E+01
2.682696E+01
2.777212E+01
2.875058E+01
2.976351E+01
3.081214E+01
3.189770E+01
3.302151E+01
3.418492E+01
3.538932E+01
3.663615E+01
3.792690E+01
3.926313E+01
4.064644E+01
4.207849E+01
4.356099E+01
4.509572E+01
4.668452E+01
4.832930E+01
5.003203E+01
5.179475E+01
5.361957E+01
5.550868E+01
5.746435E+01
5.948892E+01
6.158482E+01
6.375456E+01
6.600075E+01
6.832607E+01
7.073332E+01
7.322538E+01
7.580524E+01
7.847600E+01
8.124085E+01
8.410311E+01
8.706621E+01
9.013370E+01
9.330927E+01
9.659673E+01
1.000000E+02
1.035232E+02
1.071705E+02
1.109463E+02
1.148551E+02
1.189017E+02
1.230908E+02
1.274275E+02
1.319170E+02
1.365647E+02
1.413761E+02
1.463570E+02
1.515134E+02
1.568515E+02
1.623777E+02
1.680985E+02
1.740209E+02
1.801520E+02
1.864991E+02
1.930698E+02
1.998720E+02
2.069138E+02
2.142037E+02
2.217505E+02
2.295632E+02
2.376511E+02
2.460240E+02
2.546918E+02
2.636651E+02
2.729545E+02
2.825712E+02
2.925266E+02
3.028329E+02
3.135022E+02
3.245474E+02
3.359818E+02
3.478191E+02
3.600733E+02
3.727594E+02
3.858923E+02
3.994880E+02
4.135627E+02
4.281332E+02
4.432171E+02
4.588325E+02
4.749979E+02
4.917330E+02
5.090576E+02
5.269926E+02
5.455595E+02
5.647805E+02
5.846787E+02
6.052780E+02
6.266030E+02
6.486794E+02
6.715335E+02
6.951928E+02
7.196857E+02
7.450415E+02
7.712906E+02
7.984645E+02
8.265959E+02
8.557183E+02
8.858668E+02
9.170775E+02
9.493877E+02
9.828363E+02
1.017463E+03
1.053310E+03
1.090420E+03
1.128838E+03
1.168609E+03
1.209781E+03
1.252404E+03
1.296528E+03
1.342207E+03
1.389495E+03
1.438450E+03
1.489129E+03
1.541594E+03
1.595907E+03
1.652133E+03
1.710341E+03
1.770599E+03
1.832981E+03
1.897560E+03
1.964414E+03
2.033624E+03
2.105272E+03
2.179445E+03
2.256230E+03
2.335721E+03
2.418013E+03
2.503204E+03
2.591396E+03
2.682696E+03
2.777212E+03
2.875058E+03
2.976351E+03
3.081214E+03
3.189770E+03
3.302151E+03
3.418492E+03
3.538932E+03
3.663615E+03
3.792690E+03
3.926313E+03
4.064644E+03
4.207849E+03
4.356099E+03
4.509572E+03
4.668452E+03
4.832930E+03
5.003203E+03
5.179475E+03
5.361957E+03
5.550868E+03
5.746435E+03
5.948892E+03
6.158482E+03
6.375456E+03
6.600075E+03
6.832607E+03
7.073332E+03
7.322538E+03
7.580524E+03
7.847600E+03
8.124085E+03
8.410311E+03
8.706621E+03
9.013370E+03
9.330927E+03
9.659673E+03
1.000000E+04
1.035232E+04
1.071705E+04
1.109463E+04
1.148551E+04
1.189017E+04
1.230908E+04
1.274275E+04
1.319170E+04
1.365647E+04
1.413761E+04
1.463570E+04
1.515134E+04
1.568515E+04
1.623777E+04
1.680985E+04
1.740209E+04
1.801520E+04
1.864991E+04
1.930698E+04
1.998720E+04
2.069138E+04
2.142037E+04
2.217505E+04
2.295632E+04
2.376511E+04
2.460240E+04
2.546918E+04
2.636651E+04
2.729545E+04
2.825712E+04
2.925266E+04
3.028329E+04
3.135022E+04
3.245474E+04
3.359818E+04
3.478191E+04
3.600733E+04
3.727594E+04
3.858923E+04
3.994880E+04
4.135627E+04
4.281332E+04
4.432171E+04
4.588325E+04
4.749979E+04
4.917330E+04
5.090576E+04
5.269926E+04
5.455595E+04
5.647805E+04
5.846787E+04
6.052780E+04
6.266030E+04
6.486794E+04
6.715335E+04
6.951928E+04
7.196857E+04
7.450415E+04
7.712906E+04
7.984645E+04
8.265959E+04
8.557183E+04
8.858668E+04
9.170775E+04
9.493877E+04
9.828363E+04
1.017463E+05
1.053310E+05
1.090420E+05
1.128838E+05
1.168609E+05
1.209781E+05
1.252404E+05
1.296528E+05
1.342207E+05
1.389495E+05
1.438450E+05
1.489129E+05
1.541594E+05
1.595907E+05
1.652133E+05
1.710341E+05
1.770599E+05
1.832981E+05
1.897560E+05
1.964414E+05
2.033624E+05
2.105272E+05
2.179445E+05
2.256230E+05
2.335721E+05
2.418013E+05
2.503204E+05
2.591396E+05
2.682696E+05
2.777212E+05
2.875058E+05
2.976351E+05
3.081214E+05
3.189770E+05
3.302151E+05
3.418492E+05
3.538932E+05
3.663615E+05
3.792690E+05
3.926313E+05
4.064644E+05
4.207849E+05
4.356099E+05
4.509572E+05
4.668452E+05
4.832930E+05
5.003203E+05
5.179475E+05
5.361957E+05
5.550868E+05
5.746435E+05
5.948892E+05
6.158482E+05
6.375456E+05
6.600075E+05
6.832607E+05
7.073332E+05
7.322538E+05
7.580524E+05
7.847600E+05
8.124085E+05
8.410311E+05
8.706621E+05
9.013370E+05
9.330927E+05
9.659673E+05
1.000000E+06
