3.044166
3.620008
4.308589
5.124191
6.086268
7.235121
8.590284
10.195121
12.096779
14.346486
16.999900
20.127433
23.808981
28.139308
33.219267
39.169212
46.121332
54.222647
63.646159
74.567830
87.187111
101.719118
118.386819
137.430133
159.091326
183.621550
211.268712
242.276551
276.882117
315.313802
357.788331
404.515149
455.700421
511.554392
572.301940
638.194630
709.523345
786.632088
869.929072
959.897069
1057.100216
1162.190110
1275.908631
1399.090067
1532.663410
1677.653713
1835.182569
2006.452497
2192.681667
2395.072398
2615.235931
2855.237035
3117.147569
3403.052148
3715.170481
4055.912434
4427.904557
4834.013785
5277.369908
5761.388211
6289.798719
6866.672470
7496.455127
