0.000198
0.000199
0.000201
0.000202
0.000204
0.000206
0.000208
0.000210
0.000212
0.000214
0.000217
0.000219
0.000222
0.000224
0.000227
0.000230
0.000233
0.000237
0.000240
0.000244
0.000248
0.000252
0.000257
0.000262
0.000267
0.000272
0.000279
0.000285
0.000293
0.000301
0.000310
0.000319
0.000330
0.000343
0.000357
0.000373
0.000392
0.000415
0.000441
0.000473
0.000512
0.000562
0.000627
0.000713
0.000837
0.001025
0.001344
0.001989
0.003669
0.009235
0.028267
0.083891
0.212532
0.437426
0.723726
0.943722
0.996602
1.003653
1.029335
1.051352
1.065132
1.074191
1.080197
