1.000000E+00
1.003461E+00
1.006933E+00
1.010418E+00
1.013915E+00
1.017424E+00
1.020945E+00
1.024478E+00
1.028023E+00
1.031581E+00
1.035151E+00
1.038733E+00
1.042328E+00
1.045935E+00
1.049555E+00
1.053187E+00
1.056832E+00
1.060490E+00
1.064160E+00
1.067842E+00
1.071538E+00
1.075246E+00
1.078967E+00
1.082701E+00
1.086448E+00
1.090208E+00
1.093981E+00
1.097767E+00
1.101566E+00
1.105378E+00
1.109204E+00
1.113042E+00
1.116894E+00
1.120759E+00
1.124638E+00
1.128530E+00
1.132436E+00
1.136355E+00
1.140287E+00
1.144233E+00
1.148193E+00
1.152167E+00
1.156154E+00
1.160155E+00
1.164170E+00
1.168199E+00
1.172242E+00
1.176299E+00
1.180370E+00
1.184454E+00
1.188554E+00
1.192667E+00
1.196794E+00
1.200936E+00
1.205092E+00
1.209263E+00
1.213448E+00
1.217647E+00
1.221861E+00
1.226089E+00
1.230333E+00
1.234590E+00
1.238863E+00
1.243150E+00
1.247452E+00
1.251770E+00
1.256102E+00
1.260449E+00
1.264811E+00
1.269188E+00
1.273580E+00
1.277988E+00
1.282410E+00
1.286848E+00
1.291302E+00
1.295771E+00
1.300255E+00
1.304755E+00
1.309270E+00
1.313801E+00
1.318348E+00
1.322910E+00
1.327488E+00
1.332083E+00
1.336692E+00
1.341318E+00
1.345960E+00
1.350618E+00
1.355292E+00
1.359983E+00
1.364689E+00
1.369412E+00
1.374151E+00
1.378907E+00
1.383679E+00
1.388467E+00
1.393272E+00
1.398094E+00
1.402932E+00
1.407788E+00
1.412660E+00
1.417548E+00
1.422454E+00
1.427377E+00
1.432317E+00
1.437273E+00
1.442247E+00
1.447239E+00
1.452247E+00
1.457273E+00
1.462316E+00
1.467377E+00
1.472455E+00
1.477551E+00
1.482664E+00
1.487795E+00
1.492944E+00
1.498111E+00
1.503295E+00
1.508498E+00
1.513718E+00
1.518957E+00
1.524213E+00
1.529488E+00
1.534781E+00
1.540093E+00
1.545423E+00
1.550771E+00
1.556138E+00
1.561523E+00
1.566927E+00
1.572350E+00
1.577791E+00
1.583251E+00
1.588731E+00
1.594229E+00
1.599746E+00
1.605282E+00
1.610838E+00
1.616412E+00
1.622006E+00
1.627620E+00
1.633252E+00
1.638904E+00
1.644576E+00
1.650268E+00
1.655979E+00
1.661710E+00
1.667460E+00
1.673231E+00
1.679022E+00
1.684832E+00
1.690663E+00
1.696514E+00
1.702385E+00
1.708276E+00
1.714188E+00
1.720121E+00
1.726073E+00
1.732047E+00
1.738041E+00
1.744056E+00
1.750092E+00
1.756148E+00
1.762226E+00
1.768324E+00
1.774444E+00
1.780585E+00
1.786747E+00
1.792930E+00
1.799135E+00
1.805361E+00
1.811609E+00
1.817879E+00
1.824170E+00
1.830483E+00
1.836818E+00
1.843174E+00
1.849553E+00
1.855954E+00
1.862377E+00
1.868822E+00
1.875289E+00
1.881779E+00
1.888291E+00
1.894826E+00
1.901384E+00
1.907964E+00
1.914567E+00
1.921193E+00
1.927841E+00
1.934513E+00
1.941208E+00
1.947926E+00
1.954667E+00
1.961431E+00
1.968219E+00
1.975031E+00
1.981866E+00
1.988725E+00
1.995607E+00
2.002513E+00
2.009443E+00
2.016397E+00
2.023376E+00
2.030378E+00
2.037405E+00
2.044455E+00
2.051531E+00
2.058630E+00
2.065755E+00
2.072904E+00
2.080078E+00
2.087276E+00
2.094500E+00
2.101748E+00
2.109022E+00
2.116320E+00
2.123644E+00
2.130994E+00
2.138368E+00
2.145769E+00
2.153195E+00
2.160646E+00
2.168124E+00
2.175627E+00
2.183156E+00
2.190711E+00
2.198293E+00
2.205900E+00
2.213534E+00
2.221195E+00
2.228882E+00
2.236595E+00
2.244335E+00
2.252102E+00
2.259896E+00
2.267717E+00
2.275565E+00
2.283440E+00
2.291343E+00
2.299272E+00
2.307229E+00
2.315214E+00
2.323226E+00
2.331266E+00
2.339334E+00
2.347430E+00
2.355554E+00
2.363706E+00
2.371886E+00
2.380094E+00
2.388331E+00
2.396596E+00
2.404890E+00
2.413213E+00
2.421564E+00
2.429945E+00
2.438354E+00
2.446793E+00
2.455260E+00
2.463757E+00
2.472284E+00
2.480839E+00
2.489425E+00
2.498040E+00
2.506685E+00
2.515360E+00
2.524065E+00
2.532800E+00
2.541565E+00
2.550361E+00
2.559187E+00
2.568044E+00
2.576931E+00
2.585849E+00
2.594798E+00
2.603778E+00
2.612789E+00
2.621831E+00
2.630904E+00
2.640009E+00
2.649145E+00
2.658313E+00
2.667513E+00
2.676744E+00
2.686008E+00
2.695303E+00
2.704631E+00
2.713991E+00
2.723383E+00
2.732808E+00
2.742266E+00
2.751756E+00
2.761279E+00
2.770835E+00
2.780424E+00
2.790046E+00
2.799702E+00
2.809391E+00
2.819113E+00
2.828869E+00
2.838659E+00
2.848483E+00
2.858341E+00
2.868233E+00
2.878159E+00
2.888119E+00
2.898114E+00
2.908144E+00
2.918208E+00
2.928307E+00
2.938441E+00
2.948610E+00
2.958815E+00
2.969054E+00
2.979329E+00
2.989640E+00
2.999986E+00
3.010368E+00
3.020786E+00
3.031241E+00
3.041731E+00
3.052257E+00
3.062820E+00
3.073420E+00
3.084056E+00
3.094729E+00
3.105439E+00
3.116186E+00
3.126970E+00
3.137792E+00
3.148651E+00
3.159548E+00
3.170482E+00
3.181454E+00
3.192464E+00
3.203512E+00
3.214599E+00
3.225724E+00
3.236887E+00
3.248089E+00
3.259330E+00
3.270609E+00
3.281928E+00
3.293286E+00
3.304683E+00
3.316119E+00
3.327596E+00
3.339111E+00
3.350667E+00
3.362263E+00
3.373899E+00
3.385575E+00
3.397291E+00
3.409048E+00
3.420846E+00
3.432685E+00
3.444564E+00
3.456485E+00
3.468447E+00
3.480450E+00
3.492495E+00
3.504581E+00
3.516710E+00
3.528880E+00
3.541093E+00
3.553347E+00
3.565644E+00
3.577984E+00
3.590367E+00
3.602792E+00
3.615260E+00
3.627771E+00
3.640326E+00
3.652924E+00
3.665566E+00
3.678251E+00
3.690981E+00
3.703754E+00
3.716572E+00
3.729434E+00
3.742340E+00
3.755292E+00
3.768288E+00
3.781329E+00
3.794415E+00
3.807546E+00
3.820723E+00
3.833945E+00
3.847213E+00
3.860528E+00
3.873888E+00
3.887294E+00
3.900747E+00
3.914246E+00
3.927793E+00
3.941385E+00
3.955025E+00
3.968713E+00
3.982447E+00
3.996229E+00
4.010059E+00
4.023937E+00
4.037863E+00
4.051837E+00
4.065859E+00
4.079930E+00
4.094049E+00
4.108217E+00
4.122435E+00
4.136701E+00
4.151017E+00
4.165383E+00
4.179798E+00
4.194263E+00
4.208778E+00
4.223344E+00
4.237959E+00
4.252626E+00
4.267343E+00
4.282111E+00
4.296930E+00
4.311801E+00
4.326722E+00
4.341696E+00
4.356721E+00
4.371799E+00
4.386928E+00
4.402110E+00
4.417345E+00
4.432632E+00
4.447972E+00
4.463365E+00
4.478812E+00
4.494311E+00
4.509865E+00
4.525472E+00
4.541134E+00
4.556849E+00
4.572619E+00
4.588444E+00
4.604323E+00
4.620257E+00
4.636247E+00
4.652291E+00
4.668392E+00
4.684548E+00
4.700760E+00
4.717028E+00
4.733352E+00
4.749733E+00
4.766170E+00
4.782665E+00
4.799216E+00
4.815825E+00
4.832491E+00
4.849215E+00
4.865997E+00
4.882836E+00
4.899734E+00
4.916691E+00
4.933706E+00
4.950780E+00
4.967914E+00
4.985106E+00
5.002358E+00
5.019670E+00
5.037042E+00
5.054473E+00
5.071966E+00
5.089518E+00
5.107132E+00
5.124806E+00
5.142541E+00
5.160338E+00
5.178197E+00
5.196117E+00
5.214099E+00
5.232144E+00
5.250251E+00
5.268420E+00
5.286653E+00
5.304948E+00
5.323307E+00
5.341730E+00
5.360216E+00
5.378766E+00
5.397381E+00
5.416059E+00
5.434803E+00
5.453611E+00
5.472485E+00
5.491423E+00
5.510428E+00
5.529498E+00
5.548634E+00
5.567836E+00
5.587105E+00
5.606440E+00
5.625842E+00
5.645312E+00
5.664848E+00
5.684453E+00
5.704125E+00
5.723866E+00
5.743674E+00
5.763551E+00
5.783497E+00
5.803512E+00
5.823597E+00
5.843751E+00
5.863974E+00
5.884268E+00
5.904631E+00
5.925066E+00
5.945571E+00
5.966147E+00
5.986794E+00
6.007512E+00
6.028303E+00
6.049165E+00
6.070099E+00
6.091106E+00
6.112186E+00
6.133338E+00
6.154564E+00
6.175863E+00
6.197236E+00
6.218683E+00
6.240204E+00
6.261800E+00
6.283470E+00
6.305215E+00
6.327036E+00
6.348932E+00
6.370904E+00
6.392952E+00
6.415076E+00
6.437277E+00
6.459554E+00
6.481909E+00
6.504341E+00
6.526851E+00
6.549438E+00
6.572104E+00
6.594848E+00
6.617671E+00
6.640573E+00
6.663554E+00
6.686615E+00
6.709755E+00
6.732976E+00
6.756277E+00
6.779658E+00
6.803121E+00
6.826664E+00
6.850290E+00
6.873996E+00
6.897785E+00
6.921657E+00
6.945611E+00
6.969647E+00
6.993767E+00
7.017971E+00
7.042258E+00
7.066629E+00
7.091085E+00
7.115625E+00
7.140250E+00
7.164961E+00
7.189756E+00
7.214638E+00
7.239606E+00
7.264660E+00
7.289801E+00
7.315029E+00
7.340344E+00
7.365747E+00
7.391238E+00
7.416817E+00
7.442484E+00
7.468241E+00
7.494086E+00
7.520021E+00
7.546046E+00
7.572160E+00
7.598365E+00
7.624661E+00
7.651048E+00
7.677526E+00
7.704096E+00
7.730758E+00
7.757512E+00
7.784358E+00
7.811298E+00
7.838330E+00
7.865456E+00
7.892677E+00
7.919991E+00
7.947400E+00
7.974903E+00
8.002502E+00
8.030197E+00
8.057987E+00
8.085873E+00
8.113856E+00
8.141936E+00
8.170113E+00
8.198387E+00
8.226760E+00
8.255230E+00
8.283799E+00
8.312467E+00
8.341234E+00
8.370101E+00
8.399067E+00
8.428134E+00
8.457301E+00
8.486570E+00
8.515939E+00
8.545411E+00
8.574984E+00
8.604659E+00
8.634438E+00
8.664319E+00
8.694304E+00
8.724392E+00
8.754585E+00
8.784882E+00
8.815284E+00
8.845791E+00
8.876404E+00
8.907123E+00
8.937948E+00
8.968879E+00
8.999918E+00
9.031064E+00
9.062318E+00
9.093680E+00
9.125151E+00
9.156731E+00
9.188419E+00
9.220218E+00
9.252126E+00
9.284145E+00
9.316275E+00
9.348516E+00
9.380869E+00
9.413333E+00
9.445910E+00
9.478600E+00
9.511403E+00
9.544319E+00
9.577349E+00
9.610493E+00
9.643753E+00
9.677127E+00
9.710617E+00
9.744222E+00
9.777944E+00
9.811783E+00
9.845739E+00
9.879812E+00
9.914003E+00
9.948313E+00
9.982741E+00
1.001729E+01
1.005196E+01
1.008674E+01
1.012165E+01
1.015668E+01
1.019183E+01
1.022710E+01
1.026249E+01
1.029801E+01
1.033365E+01
1.036941E+01
1.040529E+01
1.044130E+01
1.047744E+01
1.051370E+01
1.055008E+01
1.058659E+01
1.062323E+01
1.065999E+01
1.069688E+01
1.073390E+01
1.077105E+01
1.080833E+01
1.084573E+01
1.088326E+01
1.092093E+01
1.095872E+01
1.099665E+01
1.103470E+01
1.107289E+01
1.111121E+01
1.114966E+01
1.118825E+01
1.122697E+01
1.126582E+01
1.130481E+01
1.134393E+01
1.138319E+01
1.142259E+01
1.146212E+01
1.150178E+01
1.154159E+01
1.158153E+01
1.162161E+01
1.166183E+01
1.170219E+01
1.174269E+01
1.178332E+01
1.182410E+01
1.186502E+01
1.190608E+01
1.194729E+01
1.198863E+01
1.203012E+01
1.207176E+01
1.211353E+01
1.215545E+01
1.219752E+01
1.223973E+01
1.228209E+01
1.232460E+01
1.236725E+01
1.241005E+01
1.245300E+01
1.249609E+01
1.253934E+01
1.258273E+01
1.262628E+01
1.266997E+01
1.271382E+01
1.275782E+01
1.280197E+01
1.284627E+01
1.289073E+01
1.293534E+01
1.298011E+01
1.302503E+01
1.307010E+01
1.311534E+01
1.316073E+01
1.320627E+01
1.325197E+01
1.329784E+01
1.334386E+01
1.339003E+01
1.343637E+01
1.348287E+01
1.352953E+01
1.357636E+01
1.362334E+01
1.367049E+01
1.371780E+01
1.376527E+01
1.381291E+01
1.386071E+01
1.390868E+01
1.395681E+01
1.400511E+01
1.405358E+01
1.410221E+01
1.415102E+01
1.419999E+01
1.424913E+01
1.429845E+01
1.434793E+01
1.439758E+01
1.444741E+01
1.449741E+01
1.454758E+01
1.459792E+01
1.464844E+01
1.469914E+01
1.475001E+01
1.480105E+01
1.485227E+01
1.490367E+01
1.495525E+01
1.500701E+01
1.505894E+01
1.511106E+01
1.516335E+01
1.521583E+01
1.526849E+01
1.532132E+01
1.537435E+01
1.542755E+01
1.548094E+01
1.553452E+01
1.558828E+01
1.564223E+01
1.569636E+01
1.575068E+01
1.580519E+01
1.585989E+01
1.591477E+01
1.596985E+01
1.602512E+01
1.608058E+01
1.613623E+01
1.619207E+01
1.624810E+01
1.630433E+01
1.636076E+01
1.641738E+01
1.647419E+01
1.653121E+01
1.658842E+01
1.664583E+01
1.670343E+01
1.676124E+01
1.681924E+01
1.687745E+01
1.693586E+01
1.699447E+01
1.705328E+01
1.711230E+01
1.717152E+01
1.723094E+01
1.729058E+01
1.735041E+01
1.741046E+01
1.747071E+01
1.753117E+01
1.759184E+01
1.765272E+01
1.771381E+01
1.777512E+01
1.783663E+01
1.789836E+01
1.796030E+01
1.802246E+01
1.808483E+01
1.814741E+01
1.821022E+01
1.827324E+01
1.833647E+01
1.839993E+01
1.846361E+01
1.852751E+01
1.859162E+01
1.865596E+01
1.872053E+01
1.878531E+01
1.885032E+01
1.891556E+01
1.898102E+01
1.904671E+01
1.911262E+01
1.917877E+01
1.924514E+01
1.931174E+01
1.937857E+01
1.944564E+01
1.951293E+01
1.958046E+01
1.964823E+01
1.971622E+01
1.978445E+01
1.985292E+01
1.992163E+01
1.999057E+01
2.005975E+01
2.012917E+01
2.019884E+01
2.026874E+01
2.033888E+01
2.040927E+01
2.047990E+01
2.055078E+01
2.062190E+01
2.069326E+01
2.076488E+01
2.083674E+01
2.090885E+01
2.098121E+01
2.105382E+01
2.112668E+01
2.119979E+01
2.127316E+01
2.134678E+01
2.142065E+01
2.149478E+01
2.156917E+01
2.164382E+01
2.171872E+01
2.179388E+01
2.186930E+01
2.194499E+01
2.202093E+01
2.209714E+01
2.217361E+01
2.225035E+01
2.232735E+01
2.240462E+01
2.248216E+01
2.255996E+01
2.263803E+01
2.271638E+01
2.279499E+01
2.287388E+01
2.295304E+01
2.303247E+01
2.311218E+01
2.319217E+01
2.327243E+01
2.335297E+01
2.343379E+01
2.351488E+01
2.359626E+01
2.367792E+01
2.375986E+01
2.384209E+01
2.392460E+01
2.400740E+01
2.409048E+01
2.417385E+01
2.425751E+01
2.434146E+01
2.442570E+01
2.451023E+01
2.459505E+01
2.468017E+01
2.476558E+01
2.485128E+01
2.493729E+01
2.502359E+01
2.511019E+01
2.519709E+01
2.528429E+01
2.537179E+01
2.545959E+01
2.554770E+01
2.563612E+01
2.572483E+01
2.581386E+01
2.590320E+01
2.599284E+01
2.608279E+01
2.617306E+01
2.626364E+01
2.635453E+01
2.644573E+01
2.653725E+01
2.662909E+01
2.672125E+01
2.681372E+01
2.690652E+01
2.699963E+01
2.709307E+01
2.718683E+01
2.728092E+01
2.737533E+01
2.747007E+01
2.756513E+01
2.766053E+01
2.775625E+01
2.785231E+01
2.794870E+01
2.804542E+01
2.814248E+01
2.823987E+01
2.833760E+01
2.843567E+01
2.853408E+01
2.863283E+01
2.873192E+01
2.883135E+01
2.893113E+01
2.903125E+01
2.913172E+01
2.923253E+01
2.933370E+01
2.943522E+01
2.953708E+01
2.963930E+01
2.974187E+01
2.984480E+01
2.994809E+01
3.005173E+01
3.015573E+01
3.026009E+01
3.036481E+01
3.046990E+01
3.057534E+01
3.068116E+01
3.078733E+01
3.089388E+01
3.100080E+01
3.110808E+01
3.121574E+01
3.132377E+01
3.143217E+01
3.154095E+01
3.165010E+01
3.175963E+01
3.186954E+01
3.197984E+01
3.209051E+01
3.220156E+01
3.231300E+01
3.242483E+01
3.253704E+01
3.264965E+01
3.276264E+01
3.287602E+01
3.298979E+01
3.310396E+01
3.321853E+01
3.333348E+01
3.344884E+01
3.356460E+01
3.368076E+01
3.379732E+01
3.391428E+01
3.403165E+01
3.414942E+01
3.426760E+01
3.438619E+01
3.450519E+01
3.462461E+01
3.474443E+01
3.486467E+01
3.498533E+01
3.510640E+01
3.522790E+01
3.534981E+01
3.547215E+01
3.559491E+01
3.571809E+01
3.584170E+01
3.596574E+01
3.609020E+01
3.621510E+01
3.634043E+01
3.646620E+01
3.659240E+01
3.671903E+01
3.684611E+01
3.697362E+01
3.710158E+01
3.722997E+01
3.735882E+01
3.748810E+01
3.761784E+01
3.774802E+01
3.787866E+01
3.800975E+01
3.814129E+01
3.827328E+01
3.840574E+01
3.853865E+01
3.867202E+01
3.880585E+01
3.894015E+01
3.907491E+01
3.921014E+01
3.934583E+01
3.948200E+01
3.961863E+01
3.975574E+01
3.989332E+01
4.003138E+01
4.016992E+01
4.030894E+01
4.044844E+01
4.058842E+01
4.072888E+01
4.086983E+01
4.101127E+01
4.115320E+01
4.129562E+01
4.143853E+01
4.158194E+01
4.172584E+01
4.187024E+01
4.201514E+01
4.216055E+01
4.230645E+01
4.245286E+01
4.259978E+01
4.274721E+01
4.289514E+01
4.304359E+01
4.319255E+01
4.334203E+01
4.349202E+01
4.364254E+01
4.379357E+01
4.394513E+01
4.409721E+01
4.424982E+01
4.440295E+01
4.455662E+01
4.471082E+01
4.486555E+01
4.502082E+01
4.517662E+01
4.533296E+01
4.548985E+01
4.564727E+01
4.580525E+01
4.596377E+01
4.612283E+01
4.628245E+01
4.644262E+01
4.660335E+01
4.676463E+01
4.692647E+01
4.708887E+01
4.725183E+01
4.741535E+01
4.757944E+01
4.774410E+01
4.790933E+01
4.807513E+01
4.824151E+01
4.840846E+01
4.857598E+01
4.874409E+01
4.891278E+01
4.908205E+01
4.925191E+01
4.942236E+01
4.959340E+01
4.976503E+01
4.993725E+01
5.011007E+01
5.028348E+01
5.045750E+01
5.063212E+01
5.080734E+01
5.098317E+01
5.115961E+01
5.133666E+01
5.151432E+01
5.169260E+01
5.187149E+01
5.205100E+01
5.223114E+01
5.241189E+01
5.259328E+01
5.277529E+01
5.295793E+01
5.314120E+01
5.332511E+01
5.350965E+01
5.369483E+01
5.388065E+01
5.406712E+01
5.425423E+01
5.444199E+01
5.463040E+01
5.481946E+01
5.500917E+01
5.519954E+01
5.539057E+01
5.558226E+01
5.577462E+01
5.596764E+01
5.616133E+01
5.635569E+01
5.655072E+01
5.674642E+01
5.694281E+01
5.713987E+01
5.733761E+01
5.753604E+01
5.773516E+01
5.793496E+01
5.813546E+01
5.833665E+01
5.853854E+01
5.874112E+01
5.894441E+01
5.914840E+01
5.935309E+01
5.955850E+01
5.976461E+01
5.997144E+01
6.017899E+01
6.038725E+01
6.059623E+01
6.080594E+01
6.101637E+01
6.122753E+01
6.143942E+01
6.165205E+01
6.186541E+01
6.207950E+01
6.229434E+01
6.250993E+01
6.272626E+01
6.294333E+01
6.316116E+01
6.337975E+01
6.359908E+01
6.381918E+01
6.404004E+01
6.426167E+01
6.448406E+01
6.470722E+01
6.493115E+01
6.515586E+01
6.538135E+01
6.560761E+01
6.583466E+01
6.606250E+01
6.629112E+01
6.652054E+01
6.675074E+01
6.698175E+01
6.721355E+01
6.744616E+01
6.767957E+01
6.791379E+01
6.814882E+01
6.838467E+01
6.862133E+01
6.885881E+01
6.909711E+01
6.933623E+01
6.957619E+01
6.981697E+01
7.005859E+01
7.030104E+01
7.054433E+01
7.078846E+01
7.103344E+01
7.127927E+01
7.152595E+01
7.177348E+01
7.202187E+01
7.227111E+01
7.252122E+01
7.277220E+01
7.302404E+01
7.327676E+01
7.353035E+01
7.378481E+01
7.404016E+01
7.429640E+01
7.455351E+01
7.481152E+01
7.507042E+01
7.533022E+01
7.559092E+01
7.585252E+01
7.611502E+01
7.637843E+01
7.664276E+01
7.690800E+01
7.717415E+01
7.744123E+01
7.770923E+01
7.797816E+01
7.824802E+01
7.851882E+01
7.879055E+01
7.906322E+01
7.933683E+01
7.961140E+01
7.988691E+01
8.016338E+01
8.044080E+01
8.071918E+01
8.099853E+01
8.127884E+01
8.156012E+01
8.184238E+01
8.212561E+01
8.240983E+01
8.269502E+01
8.298121E+01
8.326838E+01
8.355655E+01
8.384571E+01
8.413588E+01
8.442705E+01
8.471923E+01
8.501242E+01
8.530662E+01
8.560184E+01
8.589809E+01
8.619536E+01
8.649365E+01
8.679298E+01
8.709335E+01
8.739476E+01
8.769720E+01
8.800070E+01
8.830524E+01
8.861084E+01
8.891750E+01
8.922522E+01
8.953400E+01
8.984385E+01
9.015478E+01
9.046678E+01
9.077986E+01
9.109402E+01
9.140927E+01
9.172561E+01
9.204305E+01
9.236158E+01
9.268122E+01
9.300196E+01
9.332382E+01
9.364679E+01
9.397087E+01
9.429608E+01
9.462241E+01
9.494987E+01
9.527846E+01
9.560820E+01
9.593907E+01
9.627109E+01
9.660425E+01
9.693857E+01
9.727405E+01
9.761069E+01
9.794849E+01
9.828746E+01
9.862761E+01
9.896893E+01
9.931143E+01
9.965512E+01
1.000000E+02
1.003461E+02
1.006933E+02
1.010418E+02
1.013915E+02
1.017424E+02
1.020945E+02
1.024478E+02
1.028023E+02
1.031581E+02
1.035151E+02
1.038733E+02
1.042328E+02
1.045935E+02
1.049555E+02
1.053187E+02
1.056832E+02
1.060490E+02
1.064160E+02
1.067842E+02
1.071538E+02
1.075246E+02
1.078967E+02
1.082701E+02
1.086448E+02
1.090208E+02
1.093981E+02
1.097767E+02
1.101566E+02
1.105378E+02
1.109204E+02
1.113042E+02
1.116894E+02
1.120759E+02
1.124638E+02
1.128530E+02
1.132436E+02
1.136355E+02
1.140287E+02
1.144233E+02
1.148193E+02
1.152167E+02
1.156154E+02
1.160155E+02
1.164170E+02
1.168199E+02
1.172242E+02
1.176299E+02
1.180370E+02
1.184454E+02
1.188554E+02
1.192667E+02
1.196794E+02
1.200936E+02
1.205092E+02
1.209263E+02
1.213448E+02
1.217647E+02
1.221861E+02
1.226089E+02
1.230333E+02
1.234590E+02
1.238863E+02
1.243150E+02
1.247452E+02
1.251770E+02
1.256102E+02
1.260449E+02
1.264811E+02
1.269188E+02
1.273580E+02
1.277988E+02
1.282410E+02
1.286848E+02
1.291302E+02
1.295771E+02
1.300255E+02
1.304755E+02
1.309270E+02
1.313801E+02
1.318348E+02
1.322910E+02
1.327488E+02
1.332083E+02
1.336692E+02
1.341318E+02
1.345960E+02
1.350618E+02
1.355292E+02
1.359983E+02
1.364689E+02
1.369412E+02
1.374151E+02
1.378907E+02
1.383679E+02
1.388467E+02
1.393272E+02
1.398094E+02
1.402932E+02
1.407788E+02
1.412660E+02
1.417548E+02
1.422454E+02
1.427377E+02
1.432317E+02
1.437273E+02
1.442247E+02
1.447239E+02
1.452247E+02
1.457273E+02
1.462316E+02
1.467377E+02
1.472455E+02
1.477551E+02
1.482664E+02
1.487795E+02
1.492944E+02
1.498111E+02
1.503295E+02
1.508498E+02
1.513718E+02
1.518957E+02
1.524213E+02
1.529488E+02
1.534781E+02
1.540093E+02
1.545423E+02
1.550771E+02
1.556138E+02
1.561523E+02
1.566927E+02
1.572350E+02
1.577791E+02
1.583251E+02
1.588731E+02
1.594229E+02
1.599746E+02
1.605282E+02
1.610838E+02
1.616412E+02
1.622006E+02
1.627620E+02
1.633252E+02
1.638904E+02
1.644576E+02
1.650268E+02
1.655979E+02
1.661710E+02
1.667460E+02
1.673231E+02
1.679022E+02
1.684832E+02
1.690663E+02
1.696514E+02
1.702385E+02
1.708276E+02
1.714188E+02
1.720121E+02
1.726073E+02
1.732047E+02
1.738041E+02
1.744056E+02
1.750092E+02
1.756148E+02
1.762226E+02
1.768324E+02
1.774444E+02
1.780585E+02
1.786747E+02
1.792930E+02
1.799135E+02
1.805361E+02
1.811609E+02
1.817879E+02
1.824170E+02
1.830483E+02
1.836818E+02
1.843174E+02
1.849553E+02
1.855954E+02
1.862377E+02
1.868822E+02
1.875289E+02
1.881779E+02
1.888291E+02
1.894826E+02
1.901384E+02
1.907964E+02
1.914567E+02
1.921193E+02
1.927841E+02
1.934513E+02
1.941208E+02
1.947926E+02
1.954667E+02
1.961431E+02
1.968219E+02
1.975031E+02
1.981866E+02
1.988725E+02
1.995607E+02
2.002513E+02
2.009443E+02
2.016397E+02
2.023376E+02
2.030378E+02
2.037405E+02
2.044455E+02
2.051531E+02
2.058630E+02
2.065755E+02
2.072904E+02
2.080078E+02
2.087276E+02
2.094500E+02
2.101748E+02
2.109022E+02
2.116320E+02
2.123644E+02
2.130994E+02
2.138368E+02
2.145769E+02
2.153195E+02
2.160646E+02
2.168124E+02
2.175627E+02
2.183156E+02
2.190711E+02
2.198293E+02
2.205900E+02
2.213534E+02
2.221195E+02
2.228882E+02
2.236595E+02
2.244335E+02
2.252102E+02
2.259896E+02
2.267717E+02
2.275565E+02
2.283440E+02
2.291343E+02
2.299272E+02
2.307229E+02
2.315214E+02
2.323226E+02
2.331266E+02
2.339334E+02
2.347430E+02
2.355554E+02
2.363706E+02
2.371886E+02
2.380094E+02
2.388331E+02
2.396596E+02
2.404890E+02
2.413213E+02
2.421564E+02
2.429945E+02
2.438354E+02
2.446793E+02
2.455260E+02
2.463757E+02
2.472284E+02
2.480839E+02
2.489425E+02
2.498040E+02
2.506685E+02
2.515360E+02
2.524065E+02
2.532800E+02
2.541565E+02
2.550361E+02
2.559187E+02
2.568044E+02
2.576931E+02
2.585849E+02
2.594798E+02
2.603778E+02
2.612789E+02
2.621831E+02
2.630904E+02
2.640009E+02
2.649145E+02
2.658313E+02
2.667513E+02
2.676744E+02
2.686008E+02
2.695303E+02
2.704631E+02
2.713991E+02
2.723383E+02
2.732808E+02
2.742266E+02
2.751756E+02
2.761279E+02
2.770835E+02
2.780424E+02
2.790046E+02
2.799702E+02
2.809391E+02
2.819113E+02
2.828869E+02
2.838659E+02
2.848483E+02
2.858341E+02
2.868233E+02
2.878159E+02
2.888119E+02
2.898114E+02
2.908144E+02
2.918208E+02
2.928307E+02
2.938441E+02
2.948610E+02
2.958815E+02
2.969054E+02
2.979329E+02
2.989640E+02
2.999986E+02
3.010368E+02
3.020786E+02
3.031241E+02
3.041731E+02
3.052257E+02
3.062820E+02
3.073420E+02
3.084056E+02
3.094729E+02
3.105439E+02
3.116186E+02
3.126970E+02
3.137792E+02
3.148651E+02
3.159548E+02
3.170482E+02
3.181454E+02
3.192464E+02
3.203512E+02
3.214599E+02
3.225724E+02
3.236887E+02
3.248089E+02
3.259330E+02
3.270609E+02
3.281928E+02
3.293286E+02
3.304683E+02
3.316119E+02
3.327596E+02
3.339111E+02
3.350667E+02
3.362263E+02
3.373899E+02
3.385575E+02
3.397291E+02
3.409048E+02
3.420846E+02
3.432685E+02
3.444564E+02
3.456485E+02
3.468447E+02
3.480450E+02
3.492495E+02
3.504581E+02
3.516710E+02
3.528880E+02
3.541093E+02
3.553347E+02
3.565644E+02
3.577984E+02
3.590367E+02
3.602792E+02
3.615260E+02
3.627771E+02
3.640326E+02
3.652924E+02
3.665566E+02
3.678251E+02
3.690981E+02
3.703754E+02
3.716572E+02
3.729434E+02
3.742340E+02
3.755292E+02
3.768288E+02
3.781329E+02
3.794415E+02
3.807546E+02
3.820723E+02
3.833945E+02
3.847213E+02
3.860528E+02
3.873888E+02
3.887294E+02
3.900747E+02
3.914246E+02
3.927793E+02
3.941385E+02
3.955025E+02
3.968713E+02
3.982447E+02
3.996229E+02
4.010059E+02
4.023937E+02
4.037863E+02
4.051837E+02
4.065859E+02
4.079930E+02
4.094049E+02
4.108217E+02
4.122435E+02
4.136701E+02
4.151017E+02
4.165383E+02
4.179798E+02
4.194263E+02
4.208778E+02
4.223344E+02
4.237959E+02
4.252626E+02
4.267343E+02
4.282111E+02
4.296930E+02
4.311801E+02
4.326722E+02
4.341696E+02
4.356721E+02
4.371799E+02
4.386928E+02
4.402110E+02
4.417345E+02
4.432632E+02
4.447972E+02
4.463365E+02
4.478812E+02
4.494311E+02
4.509865E+02
4.525472E+02
4.541134E+02
4.556849E+02
4.572619E+02
4.588444E+02
4.604323E+02
4.620257E+02
4.636247E+02
4.652291E+02
4.668392E+02
4.684548E+02
4.700760E+02
4.717028E+02
4.733352E+02
4.749733E+02
4.766170E+02
4.782665E+02
4.799216E+02
4.815825E+02
4.832491E+02
4.849215E+02
4.865997E+02
4.882836E+02
4.899734E+02
4.916691E+02
4.933706E+02
4.950780E+02
4.967914E+02
4.985106E+02
5.002358E+02
5.019670E+02
5.037042E+02
5.054473E+02
5.071966E+02
5.089518E+02
5.107132E+02
5.124806E+02
5.142541E+02
5.160338E+02
5.178197E+02
5.196117E+02
5.214099E+02
5.232144E+02
5.250251E+02
5.268420E+02
5.286653E+02
5.304948E+02
5.323307E+02
5.341730E+02
5.360216E+02
5.378766E+02
5.397381E+02
5.416059E+02
5.434803E+02
5.453611E+02
5.472485E+02
5.491423E+02
5.510428E+02
5.529498E+02
5.548634E+02
5.567836E+02
5.587105E+02
5.606440E+02
5.625842E+02
5.645312E+02
5.664848E+02
5.684453E+02
5.704125E+02
5.723866E+02
5.743674E+02
5.763551E+02
5.783497E+02
5.803512E+02
5.823597E+02
5.843751E+02
5.863974E+02
5.884268E+02
5.904631E+02
5.925066E+02
5.945571E+02
5.966147E+02
5.986794E+02
6.007512E+02
6.028303E+02
6.049165E+02
6.070099E+02
6.091106E+02
6.112186E+02
6.133338E+02
6.154564E+02
6.175863E+02
6.197236E+02
6.218683E+02
6.240204E+02
6.261800E+02
6.283470E+02
6.305215E+02
6.327036E+02
6.348932E+02
6.370904E+02
6.392952E+02
6.415076E+02
6.437277E+02
6.459554E+02
6.481909E+02
6.504341E+02
6.526851E+02
6.549438E+02
6.572104E+02
6.594848E+02
6.617671E+02
6.640573E+02
6.663554E+02
6.686615E+02
6.709755E+02
6.732976E+02
6.756277E+02
6.779658E+02
6.803121E+02
6.826664E+02
6.850290E+02
6.873996E+02
6.897785E+02
6.921657E+02
6.945611E+02
6.969647E+02
6.993767E+02
7.017971E+02
7.042258E+02
7.066629E+02
7.091085E+02
7.115625E+02
7.140250E+02
7.164961E+02
7.189756E+02
7.214638E+02
7.239606E+02
7.264660E+02
7.289801E+02
7.315029E+02
7.340344E+02
7.365747E+02
7.391238E+02
7.416817E+02
7.442484E+02
7.468241E+02
7.494086E+02
7.520021E+02
7.546046E+02
7.572160E+02
7.598365E+02
7.624661E+02
7.651048E+02
7.677526E+02
7.704096E+02
7.730758E+02
7.757512E+02
7.784358E+02
7.811298E+02
7.838330E+02
7.865456E+02
7.892677E+02
7.919991E+02
7.947400E+02
7.974903E+02
8.002502E+02
8.030197E+02
8.057987E+02
8.085873E+02
8.113856E+02
8.141936E+02
8.170113E+02
8.198387E+02
8.226760E+02
8.255230E+02
8.283799E+02
8.312467E+02
8.341234E+02
8.370101E+02
8.399067E+02
8.428134E+02
8.457301E+02
8.486570E+02
8.515939E+02
8.545411E+02
8.574984E+02
8.604659E+02
8.634438E+02
8.664319E+02
8.694304E+02
8.724392E+02
8.754585E+02
8.784882E+02
8.815284E+02
8.845791E+02
8.876404E+02
8.907123E+02
8.937948E+02
8.968879E+02
8.999918E+02
9.031064E+02
9.062318E+02
9.093680E+02
9.125151E+02
9.156731E+02
9.188419E+02
9.220218E+02
9.252126E+02
9.284145E+02
9.316275E+02
9.348516E+02
9.380869E+02
9.413333E+02
9.445910E+02
9.478600E+02
9.511403E+02
9.544319E+02
9.577349E+02
9.610493E+02
9.643753E+02
9.677127E+02
9.710617E+02
9.744222E+02
9.777944E+02
9.811783E+02
9.845739E+02
9.879812E+02
9.914003E+02
9.948313E+02
9.982741E+02
1.001729E+03
1.005196E+03
1.008674E+03
1.012165E+03
1.015668E+03
1.019183E+03
1.022710E+03
1.026249E+03
1.029801E+03
1.033365E+03
1.036941E+03
1.040529E+03
1.044130E+03
1.047744E+03
1.051370E+03
1.055008E+03
1.058659E+03
1.062323E+03
1.065999E+03
1.069688E+03
1.073390E+03
1.077105E+03
1.080833E+03
1.084573E+03
1.088326E+03
1.092093E+03
1.095872E+03
1.099665E+03
1.103470E+03
1.107289E+03
1.111121E+03
1.114966E+03
1.118825E+03
1.122697E+03
1.126582E+03
1.130481E+03
1.134393E+03
1.138319E+03
1.142259E+03
1.146212E+03
1.150178E+03
1.154159E+03
1.158153E+03
1.162161E+03
1.166183E+03
1.170219E+03
1.174269E+03
1.178332E+03
1.182410E+03
1.186502E+03
1.190608E+03
1.194729E+03
1.198863E+03
1.203012E+03
1.207176E+03
1.211353E+03
1.215545E+03
1.219752E+03
1.223973E+03
1.228209E+03
1.232460E+03
1.236725E+03
1.241005E+03
1.245300E+03
1.249609E+03
1.253934E+03
1.258273E+03
1.262628E+03
1.266997E+03
1.271382E+03
1.275782E+03
1.280197E+03
1.284627E+03
1.289073E+03
1.293534E+03
1.298011E+03
1.302503E+03
1.307010E+03
1.311534E+03
1.316073E+03
1.320627E+03
1.325197E+03
1.329784E+03
1.334386E+03
1.339003E+03
1.343637E+03
1.348287E+03
1.352953E+03
1.357636E+03
1.362334E+03
1.367049E+03
1.371780E+03
1.376527E+03
1.381291E+03
1.386071E+03
1.390868E+03
1.395681E+03
1.400511E+03
1.405358E+03
1.410221E+03
1.415102E+03
1.419999E+03
1.424913E+03
1.429845E+03
1.434793E+03
1.439758E+03
1.444741E+03
1.449741E+03
1.454758E+03
1.459792E+03
1.464844E+03
1.469914E+03
1.475001E+03
1.480105E+03
1.485227E+03
1.490367E+03
1.495525E+03
1.500701E+03
1.505894E+03
1.511106E+03
1.516335E+03
1.521583E+03
1.526849E+03
1.532132E+03
1.537435E+03
1.542755E+03
1.548094E+03
1.553452E+03
1.558828E+03
1.564223E+03
1.569636E+03
1.575068E+03
1.580519E+03
1.585989E+03
1.591477E+03
1.596985E+03
1.602512E+03
1.608058E+03
1.613623E+03
1.619207E+03
1.624810E+03
1.630433E+03
1.636076E+03
1.641738E+03
1.647419E+03
1.653121E+03
1.658842E+03
1.664583E+03
1.670343E+03
1.676124E+03
1.681924E+03
1.687745E+03
1.693586E+03
1.699447E+03
1.705328E+03
1.711230E+03
1.717152E+03
1.723094E+03
1.729058E+03
1.735041E+03
1.741046E+03
1.747071E+03
1.753117E+03
1.759184E+03
1.765272E+03
1.771381E+03
1.777512E+03
1.783663E+03
1.789836E+03
1.796030E+03
1.802246E+03
1.808483E+03
1.814741E+03
1.821022E+03
1.827324E+03
1.833647E+03
1.839993E+03
1.846361E+03
1.852751E+03
1.859162E+03
1.865596E+03
1.872053E+03
1.878531E+03
1.885032E+03
1.891556E+03
1.898102E+03
1.904671E+03
1.911262E+03
1.917877E+03
1.924514E+03
1.931174E+03
1.937857E+03
1.944564E+03
1.951293E+03
1.958046E+03
1.964823E+03
1.971622E+03
1.978445E+03
1.985292E+03
1.992163E+03
1.999057E+03
2.005975E+03
2.012917E+03
2.019884E+03
2.026874E+03
2.033888E+03
2.040927E+03
2.047990E+03
2.055078E+03
2.062190E+03
2.069326E+03
2.076488E+03
2.083674E+03
2.090885E+03
2.098121E+03
2.105382E+03
2.112668E+03
2.119979E+03
2.127316E+03
2.134678E+03
2.142065E+03
2.149478E+03
2.156917E+03
2.164382E+03
2.171872E+03
2.179388E+03
2.186930E+03
2.194499E+03
2.202093E+03
2.209714E+03
2.217361E+03
2.225035E+03
2.232735E+03
2.240462E+03
2.248216E+03
2.255996E+03
2.263803E+03
2.271638E+03
2.279499E+03
2.287388E+03
2.295304E+03
2.303247E+03
2.311218E+03
2.319217E+03
2.327243E+03
2.335297E+03
2.343379E+03
2.351488E+03
2.359626E+03
2.367792E+03
2.375986E+03
2.384209E+03
2.392460E+03
2.400740E+03
2.409048E+03
2.417385E+03
2.425751E+03
2.434146E+03
2.442570E+03
2.451023E+03
2.459505E+03
2.468017E+03
2.476558E+03
2.485128E+03
2.493729E+03
2.502359E+03
2.511019E+03
2.519709E+03
2.528429E+03
2.537179E+03
2.545959E+03
2.554770E+03
2.563612E+03
2.572483E+03
2.581386E+03
2.590320E+03
2.599284E+03
2.608279E+03
2.617306E+03
2.626364E+03
2.635453E+03
2.644573E+03
2.653725E+03
2.662909E+03
2.672125E+03
2.681372E+03
2.690652E+03
2.699963E+03
2.709307E+03
2.718683E+03
2.728092E+03
2.737533E+03
2.747007E+03
2.756513E+03
2.766053E+03
2.775625E+03
2.785231E+03
2.794870E+03
2.804542E+03
2.814248E+03
2.823987E+03
2.833760E+03
2.843567E+03
2.853408E+03
2.863283E+03
2.873192E+03
2.883135E+03
2.893113E+03
2.903125E+03
2.913172E+03
2.923253E+03
2.933370E+03
2.943522E+03
2.953708E+03
2.963930E+03
2.974187E+03
2.984480E+03
2.994809E+03
3.005173E+03
3.015573E+03
3.026009E+03
3.036481E+03
3.046990E+03
3.057534E+03
3.068116E+03
3.078733E+03
3.089388E+03
3.100080E+03
3.110808E+03
3.121574E+03
3.132377E+03
3.143217E+03
3.154095E+03
3.165010E+03
3.175963E+03
3.186954E+03
3.197984E+03
3.209051E+03
3.220156E+03
3.231300E+03
3.242483E+03
3.253704E+03
3.264965E+03
3.276264E+03
3.287602E+03
3.298979E+03
3.310396E+03
3.321853E+03
3.333348E+03
3.344884E+03
3.356460E+03
3.368076E+03
3.379732E+03
3.391428E+03
3.403165E+03
3.414942E+03
3.426760E+03
3.438619E+03
3.450519E+03
3.462461E+03
3.474443E+03
3.486467E+03
3.498533E+03
3.510640E+03
3.522790E+03
3.534981E+03
3.547215E+03
3.559491E+03
3.571809E+03
3.584170E+03
3.596574E+03
3.609020E+03
3.621510E+03
3.634043E+03
3.646620E+03
3.659240E+03
3.671903E+03
3.684611E+03
3.697362E+03
3.710158E+03
3.722997E+03
3.735882E+03
3.748810E+03
3.761784E+03
3.774802E+03
3.787866E+03
3.800975E+03
3.814129E+03
3.827328E+03
3.840574E+03
3.853865E+03
3.867202E+03
3.880585E+03
3.894015E+03
3.907491E+03
3.921014E+03
3.934583E+03
3.948200E+03
3.961863E+03
3.975574E+03
3.989332E+03
4.003138E+03
4.016992E+03
4.030894E+03
4.044844E+03
4.058842E+03
4.072888E+03
4.086983E+03
4.101127E+03
4.115320E+03
4.129562E+03
4.143853E+03
4.158194E+03
4.172584E+03
4.187024E+03
4.201514E+03
4.216055E+03
4.230645E+03
4.245286E+03
4.259978E+03
4.274721E+03
4.289514E+03
4.304359E+03
4.319255E+03
4.334203E+03
4.349202E+03
4.364254E+03
4.379357E+03
4.394513E+03
4.409721E+03
4.424982E+03
4.440295E+03
4.455662E+03
4.471082E+03
4.486555E+03
4.502082E+03
4.517662E+03
4.533296E+03
4.548985E+03
4.564727E+03
4.580525E+03
4.596377E+03
4.612283E+03
4.628245E+03
4.644262E+03
4.660335E+03
4.676463E+03
4.692647E+03
4.708887E+03
4.725183E+03
4.741535E+03
4.757944E+03
4.774410E+03
4.790933E+03
4.807513E+03
4.824151E+03
4.840846E+03
4.857598E+03
4.874409E+03
4.891278E+03
4.908205E+03
4.925191E+03
4.942236E+03
4.959340E+03
4.976503E+03
4.993725E+03
5.011007E+03
5.028348E+03
5.045750E+03
5.063212E+03
5.080734E+03
5.098317E+03
5.115961E+03
5.133666E+03
5.151432E+03
5.169260E+03
5.187149E+03
5.205100E+03
5.223114E+03
5.241189E+03
5.259328E+03
5.277529E+03
5.295793E+03
5.314120E+03
5.332511E+03
5.350965E+03
5.369483E+03
5.388065E+03
5.406712E+03
5.425423E+03
5.444199E+03
5.463040E+03
5.481946E+03
5.500917E+03
5.519954E+03
5.539057E+03
5.558226E+03
5.577462E+03
5.596764E+03
5.616133E+03
5.635569E+03
5.655072E+03
5.674642E+03
5.694281E+03
5.713987E+03
5.733761E+03
5.753604E+03
5.773516E+03
5.793496E+03
5.813546E+03
5.833665E+03
5.853854E+03
5.874112E+03
5.894441E+03
5.914840E+03
5.935309E+03
5.955850E+03
5.976461E+03
5.997144E+03
6.017899E+03
6.038725E+03
6.059623E+03
6.080594E+03
6.101637E+03
6.122753E+03
6.143942E+03
6.165205E+03
6.186541E+03
6.207950E+03
6.229434E+03
6.250993E+03
6.272626E+03
6.294333E+03
6.316116E+03
6.337975E+03
6.359908E+03
6.381918E+03
6.404004E+03
6.426167E+03
6.448406E+03
6.470722E+03
6.493115E+03
6.515586E+03
6.538135E+03
6.560761E+03
6.583466E+03
6.606250E+03
6.629112E+03
6.652054E+03
6.675074E+03
6.698175E+03
6.721355E+03
6.744616E+03
6.767957E+03
6.791379E+03
6.814882E+03
6.838467E+03
6.862133E+03
6.885881E+03
6.909711E+03
6.933623E+03
6.957619E+03
6.981697E+03
7.005859E+03
7.030104E+03
7.054433E+03
7.078846E+03
7.103344E+03
7.127927E+03
7.152595E+03
7.177348E+03
7.202187E+03
7.227111E+03
7.252122E+03
7.277220E+03
7.302404E+03
7.327676E+03
7.353035E+03
7.378481E+03
7.404016E+03
7.429640E+03
7.455351E+03
7.481152E+03
7.507042E+03
7.533022E+03
7.559092E+03
7.585252E+03
7.611502E+03
7.637843E+03
7.664276E+03
7.690800E+03
7.717415E+03
7.744123E+03
7.770923E+03
7.797816E+03
7.824802E+03
7.851882E+03
7.879055E+03
7.906322E+03
7.933683E+03
7.961140E+03
7.988691E+03
8.016338E+03
8.044080E+03
8.071918E+03
8.099853E+03
8.127884E+03
8.156012E+03
8.184238E+03
8.212561E+03
8.240983E+03
8.269502E+03
8.298121E+03
8.326838E+03
8.355655E+03
8.384571E+03
8.413588E+03
8.442705E+03
8.471923E+03
8.501242E+03
8.530662E+03
8.560184E+03
8.589809E+03
8.619536E+03
8.649365E+03
8.679298E+03
8.709335E+03
8.739476E+03
8.769720E+03
8.800070E+03
8.830524E+03
8.861084E+03
8.891750E+03
8.922522E+03
8.953400E+03
8.984385E+03
9.015478E+03
9.046678E+03
9.077986E+03
9.109402E+03
9.140927E+03
9.172561E+03
9.204305E+03
9.236158E+03
9.268122E+03
9.300196E+03
9.332382E+03
9.364679E+03
9.397087E+03
9.429608E+03
9.462241E+03
9.494987E+03
9.527846E+03
9.560820E+03
9.593907E+03
9.627109E+03
9.660425E+03
9.693857E+03
9.727405E+03
9.761069E+03
9.794849E+03
9.828746E+03
9.862761E+03
9.896893E+03
9.931143E+03
9.965512E+03
1.000000E+04
1.003461E+04
1.006933E+04
1.010418E+04
1.013915E+04
1.017424E+04
1.020945E+04
1.024478E+04
1.028023E+04
1.031581E+04
1.035151E+04
1.038733E+04
1.042328E+04
1.045935E+04
1.049555E+04
1.053187E+04
1.056832E+04
1.060490E+04
1.064160E+04
1.067842E+04
1.071538E+04
1.075246E+04
1.078967E+04
1.082701E+04
1.086448E+04
1.090208E+04
1.093981E+04
1.097767E+04
1.101566E+04
1.105378E+04
1.109204E+04
1.113042E+04
1.116894E+04
1.120759E+04
1.124638E+04
1.128530E+04
1.132436E+04
1.136355E+04
1.140287E+04
1.144233E+04
1.148193E+04
1.152167E+04
1.156154E+04
1.160155E+04
1.164170E+04
1.168199E+04
1.172242E+04
1.176299E+04
1.180370E+04
1.184454E+04
1.188554E+04
1.192667E+04
1.196794E+04
1.200936E+04
1.205092E+04
1.209263E+04
1.213448E+04
1.217647E+04
1.221861E+04
1.226089E+04
1.230333E+04
1.234590E+04
1.238863E+04
1.243150E+04
1.247452E+04
1.251770E+04
1.256102E+04
1.260449E+04
1.264811E+04
1.269188E+04
1.273580E+04
1.277988E+04
1.282410E+04
1.286848E+04
1.291302E+04
1.295771E+04
1.300255E+04
1.304755E+04
1.309270E+04
1.313801E+04
1.318348E+04
1.322910E+04
1.327488E+04
1.332083E+04
1.336692E+04
1.341318E+04
1.345960E+04
1.350618E+04
1.355292E+04
1.359983E+04
1.364689E+04
1.369412E+04
1.374151E+04
1.378907E+04
1.383679E+04
1.388467E+04
1.393272E+04
1.398094E+04
1.402932E+04
1.407788E+04
1.412660E+04
1.417548E+04
1.422454E+04
1.427377E+04
1.432317E+04
1.437273E+04
1.442247E+04
1.447239E+04
1.452247E+04
1.457273E+04
1.462316E+04
1.467377E+04
1.472455E+04
1.477551E+04
1.482664E+04
1.487795E+04
1.492944E+04
1.498111E+04
1.503295E+04
1.508498E+04
1.513718E+04
1.518957E+04
1.524213E+04
1.529488E+04
1.534781E+04
1.540093E+04
1.545423E+04
1.550771E+04
1.556138E+04
1.561523E+04
1.566927E+04
1.572350E+04
1.577791E+04
1.583251E+04
1.588731E+04
1.594229E+04
1.599746E+04
1.605282E+04
1.610838E+04
1.616412E+04
1.622006E+04
1.627620E+04
1.633252E+04
1.638904E+04
1.644576E+04
1.650268E+04
1.655979E+04
1.661710E+04
1.667460E+04
1.673231E+04
1.679022E+04
1.684832E+04
1.690663E+04
1.696514E+04
1.702385E+04
1.708276E+04
1.714188E+04
1.720121E+04
1.726073E+04
1.732047E+04
1.738041E+04
1.744056E+04
1.750092E+04
1.756148E+04
1.762226E+04
1.768324E+04
1.774444E+04
1.780585E+04
1.786747E+04
1.792930E+04
1.799135E+04
1.805361E+04
1.811609E+04
1.817879E+04
1.824170E+04
1.830483E+04
1.836818E+04
1.843174E+04
1.849553E+04
1.855954E+04
1.862377E+04
1.868822E+04
1.875289E+04
1.881779E+04
1.888291E+04
1.894826E+04
1.901384E+04
1.907964E+04
1.914567E+04
1.921193E+04
1.927841E+04
1.934513E+04
1.941208E+04
1.947926E+04
1.954667E+04
1.961431E+04
1.968219E+04
1.975031E+04
1.981866E+04
1.988725E+04
1.995607E+04
2.002513E+04
2.009443E+04
2.016397E+04
2.023376E+04
2.030378E+04
2.037405E+04
2.044455E+04
2.051531E+04
2.058630E+04
2.065755E+04
2.072904E+04
2.080078E+04
2.087276E+04
2.094500E+04
2.101748E+04
2.109022E+04
2.116320E+04
2.123644E+04
2.130994E+04
2.138368E+04
2.145769E+04
2.153195E+04
2.160646E+04
2.168124E+04
2.175627E+04
2.183156E+04
2.190711E+04
2.198293E+04
2.205900E+04
2.213534E+04
2.221195E+04
2.228882E+04
2.236595E+04
2.244335E+04
2.252102E+04
2.259896E+04
2.267717E+04
2.275565E+04
2.283440E+04
2.291343E+04
2.299272E+04
2.307229E+04
2.315214E+04
2.323226E+04
2.331266E+04
2.339334E+04
2.347430E+04
2.355554E+04
2.363706E+04
2.371886E+04
2.380094E+04
2.388331E+04
2.396596E+04
2.404890E+04
2.413213E+04
2.421564E+04
2.429945E+04
2.438354E+04
2.446793E+04
2.455260E+04
2.463757E+04
2.472284E+04
2.480839E+04
2.489425E+04
2.498040E+04
2.506685E+04
2.515360E+04
2.524065E+04
2.532800E+04
2.541565E+04
2.550361E+04
2.559187E+04
2.568044E+04
2.576931E+04
2.585849E+04
2.594798E+04
2.603778E+04
2.612789E+04
2.621831E+04
2.630904E+04
2.640009E+04
2.649145E+04
2.658313E+04
2.667513E+04
2.676744E+04
2.686008E+04
2.695303E+04
2.704631E+04
2.713991E+04
2.723383E+04
2.732808E+04
2.742266E+04
2.751756E+04
2.761279E+04
2.770835E+04
2.780424E+04
2.790046E+04
2.799702E+04
2.809391E+04
2.819113E+04
2.828869E+04
2.838659E+04
2.848483E+04
2.858341E+04
2.868233E+04
2.878159E+04
2.888119E+04
2.898114E+04
2.908144E+04
2.918208E+04
2.928307E+04
2.938441E+04
2.948610E+04
2.958815E+04
2.969054E+04
2.979329E+04
2.989640E+04
2.999986E+04
3.010368E+04
3.020786E+04
3.031241E+04
3.041731E+04
3.052257E+04
3.062820E+04
3.073420E+04
3.084056E+04
3.094729E+04
3.105439E+04
3.116186E+04
3.126970E+04
3.137792E+04
3.148651E+04
3.159548E+04
3.170482E+04
3.181454E+04
3.192464E+04
3.203512E+04
3.214599E+04
3.225724E+04
3.236887E+04
3.248089E+04
3.259330E+04
3.270609E+04
3.281928E+04
3.293286E+04
3.304683E+04
3.316119E+04
3.327596E+04
3.339111E+04
3.350667E+04
3.362263E+04
3.373899E+04
3.385575E+04
3.397291E+04
3.409048E+04
3.420846E+04
3.432685E+04
3.444564E+04
3.456485E+04
3.468447E+04
3.480450E+04
3.492495E+04
3.504581E+04
3.516710E+04
3.528880E+04
3.541093E+04
3.553347E+04
3.565644E+04
3.577984E+04
3.590367E+04
3.602792E+04
3.615260E+04
3.627771E+04
3.640326E+04
3.652924E+04
3.665566E+04
3.678251E+04
3.690981E+04
3.703754E+04
3.716572E+04
3.729434E+04
3.742340E+04
3.755292E+04
3.768288E+04
3.781329E+04
3.794415E+04
3.807546E+04
3.820723E+04
3.833945E+04
3.847213E+04
3.860528E+04
3.873888E+04
3.887294E+04
3.900747E+04
3.914246E+04
3.927793E+04
3.941385E+04
3.955025E+04
3.968713E+04
3.982447E+04
3.996229E+04
4.010059E+04
4.023937E+04
4.037863E+04
4.051837E+04
4.065859E+04
4.079930E+04
4.094049E+04
4.108217E+04
4.122435E+04
4.136701E+04
4.151017E+04
4.165383E+04
4.179798E+04
4.194263E+04
4.208778E+04
4.223344E+04
4.237959E+04
4.252626E+04
4.267343E+04
4.282111E+04
4.296930E+04
4.311801E+04
4.326722E+04
4.341696E+04
4.356721E+04
4.371799E+04
4.386928E+04
4.402110E+04
4.417345E+04
4.432632E+04
4.447972E+04
4.463365E+04
4.478812E+04
4.494311E+04
4.509865E+04
4.525472E+04
4.541134E+04
4.556849E+04
4.572619E+04
4.588444E+04
4.604323E+04
4.620257E+04
4.636247E+04
4.652291E+04
4.668392E+04
4.684548E+04
4.700760E+04
4.717028E+04
4.733352E+04
4.749733E+04
4.766170E+04
4.782665E+04
4.799216E+04
4.815825E+04
4.832491E+04
4.849215E+04
4.865997E+04
4.882836E+04
4.899734E+04
4.916691E+04
4.933706E+04
4.950780E+04
4.967914E+04
4.985106E+04
5.002358E+04
5.019670E+04
5.037042E+04
5.054473E+04
5.071966E+04
5.089518E+04
5.107132E+04
5.124806E+04
5.142541E+04
5.160338E+04
5.178197E+04
5.196117E+04
5.214099E+04
5.232144E+04
5.250251E+04
5.268420E+04
5.286653E+04
5.304948E+04
5.323307E+04
5.341730E+04
5.360216E+04
5.378766E+04
5.397381E+04
5.416059E+04
5.434803E+04
5.453611E+04
5.472485E+04
5.491423E+04
5.510428E+04
5.529498E+04
5.548634E+04
5.567836E+04
5.587105E+04
5.606440E+04
5.625842E+04
5.645312E+04
5.664848E+04
5.684453E+04
5.704125E+04
5.723866E+04
5.743674E+04
5.763551E+04
5.783497E+04
5.803512E+04
5.823597E+04
5.843751E+04
5.863974E+04
5.884268E+04
5.904631E+04
5.925066E+04
5.945571E+04
5.966147E+04
5.986794E+04
6.007512E+04
6.028303E+04
6.049165E+04
6.070099E+04
6.091106E+04
6.112186E+04
6.133338E+04
6.154564E+04
6.175863E+04
6.197236E+04
6.218683E+04
6.240204E+04
6.261800E+04
6.283470E+04
6.305215E+04
6.327036E+04
6.348932E+04
6.370904E+04
6.392952E+04
6.415076E+04
6.437277E+04
6.459554E+04
6.481909E+04
6.504341E+04
6.526851E+04
6.549438E+04
6.572104E+04
6.594848E+04
6.617671E+04
6.640573E+04
6.663554E+04
6.686615E+04
6.709755E+04
6.732976E+04
6.756277E+04
6.779658E+04
6.803121E+04
6.826664E+04
6.850290E+04
6.873996E+04
6.897785E+04
6.921657E+04
6.945611E+04
6.969647E+04
6.993767E+04
7.017971E+04
7.042258E+04
7.066629E+04
7.091085E+04
7.115625E+04
7.140250E+04
7.164961E+04
7.189756E+04
7.214638E+04
7.239606E+04
7.264660E+04
7.289801E+04
7.315029E+04
7.340344E+04
7.365747E+04
7.391238E+04
7.416817E+04
7.442484E+04
7.468241E+04
7.494086E+04
7.520021E+04
7.546046E+04
7.572160E+04
7.598365E+04
7.624661E+04
7.651048E+04
7.677526E+04
7.704096E+04
7.730758E+04
7.757512E+04
7.784358E+04
7.811298E+04
7.838330E+04
7.865456E+04
7.892677E+04
7.919991E+04
7.947400E+04
7.974903E+04
8.002502E+04
8.030197E+04
8.057987E+04
8.085873E+04
8.113856E+04
8.141936E+04
8.170113E+04
8.198387E+04
8.226760E+04
8.255230E+04
8.283799E+04
8.312467E+04
8.341234E+04
8.370101E+04
8.399067E+04
8.428134E+04
8.457301E+04
8.486570E+04
8.515939E+04
8.545411E+04
8.574984E+04
8.604659E+04
8.634438E+04
8.664319E+04
8.694304E+04
8.724392E+04
8.754585E+04
8.784882E+04
8.815284E+04
8.845791E+04
8.876404E+04
8.907123E+04
8.937948E+04
8.968879E+04
8.999918E+04
9.031064E+04
9.062318E+04
9.093680E+04
9.125151E+04
9.156731E+04
9.188419E+04
9.220218E+04
9.252126E+04
9.284145E+04
9.316275E+04
9.348516E+04
9.380869E+04
9.413333E+04
9.445910E+04
9.478600E+04
9.511403E+04
9.544319E+04
9.577349E+04
9.610493E+04
9.643753E+04
9.677127E+04
9.710617E+04
9.744222E+04
9.777944E+04
9.811783E+04
9.845739E+04
9.879812E+04
9.914003E+04
9.948313E+04
9.982741E+04
1.001729E+05
1.005196E+05
1.008674E+05
1.012165E+05
1.015668E+05
1.019183E+05
1.022710E+05
1.026249E+05
1.029801E+05
1.033365E+05
1.036941E+05
1.040529E+05
1.044130E+05
1.047744E+05
1.051370E+05
1.055008E+05
1.058659E+05
1.062323E+05
1.065999E+05
1.069688E+05
1.073390E+05
1.077105E+05
1.080833E+05
1.084573E+05
1.088326E+05
1.092093E+05
1.095872E+05
1.099665E+05
1.103470E+05
1.107289E+05
1.111121E+05
1.114966E+05
1.118825E+05
1.122697E+05
1.126582E+05
1.130481E+05
1.134393E+05
1.138319E+05
1.142259E+05
1.146212E+05
1.150178E+05
1.154159E+05
1.158153E+05
1.162161E+05
1.166183E+05
1.170219E+05
1.174269E+05
1.178332E+05
1.182410E+05
1.186502E+05
1.190608E+05
1.194729E+05
1.198863E+05
1.203012E+05
1.207176E+05
1.211353E+05
1.215545E+05
1.219752E+05
1.223973E+05
1.228209E+05
1.232460E+05
1.236725E+05
1.241005E+05
1.245300E+05
1.249609E+05
1.253934E+05
1.258273E+05
1.262628E+05
1.266997E+05
1.271382E+05
1.275782E+05
1.280197E+05
1.284627E+05
1.289073E+05
1.293534E+05
1.298011E+05
1.302503E+05
1.307010E+05
1.311534E+05
1.316073E+05
1.320627E+05
1.325197E+05
1.329784E+05
1.334386E+05
1.339003E+05
1.343637E+05
1.348287E+05
1.352953E+05
1.357636E+05
1.362334E+05
1.367049E+05
1.371780E+05
1.376527E+05
1.381291E+05
1.386071E+05
1.390868E+05
1.395681E+05
1.400511E+05
1.405358E+05
1.410221E+05
1.415102E+05
1.419999E+05
1.424913E+05
1.429845E+05
1.434793E+05
1.439758E+05
1.444741E+05
1.449741E+05
1.454758E+05
1.459792E+05
1.464844E+05
1.469914E+05
1.475001E+05
1.480105E+05
1.485227E+05
1.490367E+05
1.495525E+05
1.500701E+05
1.505894E+05
1.511106E+05
1.516335E+05
1.521583E+05
1.526849E+05
1.532132E+05
1.537435E+05
1.542755E+05
1.548094E+05
1.553452E+05
1.558828E+05
1.564223E+05
1.569636E+05
1.575068E+05
1.580519E+05
1.585989E+05
1.591477E+05
1.596985E+05
1.602512E+05
1.608058E+05
1.613623E+05
1.619207E+05
1.624810E+05
1.630433E+05
1.636076E+05
1.641738E+05
1.647419E+05
1.653121E+05
1.658842E+05
1.664583E+05
1.670343E+05
1.676124E+05
1.681924E+05
1.687745E+05
1.693586E+05
1.699447E+05
1.705328E+05
1.711230E+05
1.717152E+05
1.723094E+05
1.729058E+05
1.735041E+05
1.741046E+05
1.747071E+05
1.753117E+05
1.759184E+05
1.765272E+05
1.771381E+05
1.777512E+05
1.783663E+05
1.789836E+05
1.796030E+05
1.802246E+05
1.808483E+05
1.814741E+05
1.821022E+05
1.827324E+05
1.833647E+05
1.839993E+05
1.846361E+05
1.852751E+05
1.859162E+05
1.865596E+05
1.872053E+05
1.878531E+05
1.885032E+05
1.891556E+05
1.898102E+05
1.904671E+05
1.911262E+05
1.917877E+05
1.924514E+05
1.931174E+05
1.937857E+05
1.944564E+05
1.951293E+05
1.958046E+05
1.964823E+05
1.971622E+05
1.978445E+05
1.985292E+05
1.992163E+05
1.999057E+05
2.005975E+05
2.012917E+05
2.019884E+05
2.026874E+05
2.033888E+05
2.040927E+05
2.047990E+05
2.055078E+05
2.062190E+05
2.069326E+05
2.076488E+05
2.083674E+05
2.090885E+05
2.098121E+05
2.105382E+05
2.112668E+05
2.119979E+05
2.127316E+05
2.134678E+05
2.142065E+05
2.149478E+05
2.156917E+05
2.164382E+05
2.171872E+05
2.179388E+05
2.186930E+05
2.194499E+05
2.202093E+05
2.209714E+05
2.217361E+05
2.225035E+05
2.232735E+05
2.240462E+05
2.248216E+05
2.255996E+05
2.263803E+05
2.271638E+05
2.279499E+05
2.287388E+05
2.295304E+05
2.303247E+05
2.311218E+05
2.319217E+05
2.327243E+05
2.335297E+05
2.343379E+05
2.351488E+05
2.359626E+05
2.367792E+05
2.375986E+05
2.384209E+05
2.392460E+05
2.400740E+05
2.409048E+05
2.417385E+05
2.425751E+05
2.434146E+05
2.442570E+05
2.451023E+05
2.459505E+05
2.468017E+05
2.476558E+05
2.485128E+05
2.493729E+05
2.502359E+05
2.511019E+05
2.519709E+05
2.528429E+05
2.537179E+05
2.545959E+05
2.554770E+05
2.563612E+05
2.572483E+05
2.581386E+05
2.590320E+05
2.599284E+05
2.608279E+05
2.617306E+05
2.626364E+05
2.635453E+05
2.644573E+05
2.653725E+05
2.662909E+05
2.672125E+05
2.681372E+05
2.690652E+05
2.699963E+05
2.709307E+05
2.718683E+05
2.728092E+05
2.737533E+05
2.747007E+05
2.756513E+05
2.766053E+05
2.775625E+05
2.785231E+05
2.794870E+05
2.804542E+05
2.814248E+05
2.823987E+05
2.833760E+05
2.843567E+05
2.853408E+05
2.863283E+05
2.873192E+05
2.883135E+05
2.893113E+05
2.903125E+05
2.913172E+05
2.923253E+05
2.933370E+05
2.943522E+05
2.953708E+05
2.963930E+05
2.974187E+05
2.984480E+05
2.994809E+05
3.005173E+05
3.015573E+05
3.026009E+05
3.036481E+05
3.046990E+05
3.057534E+05
3.068116E+05
3.078733E+05
3.089388E+05
3.100080E+05
3.110808E+05
3.121574E+05
3.132377E+05
3.143217E+05
3.154095E+05
3.165010E+05
3.175963E+05
3.186954E+05
3.197984E+05
3.209051E+05
3.220156E+05
3.231300E+05
3.242483E+05
3.253704E+05
3.264965E+05
3.276264E+05
3.287602E+05
3.298979E+05
3.310396E+05
3.321853E+05
3.333348E+05
3.344884E+05
3.356460E+05
3.368076E+05
3.379732E+05
3.391428E+05
3.403165E+05
3.414942E+05
3.426760E+05
3.438619E+05
3.450519E+05
3.462461E+05
3.474443E+05
3.486467E+05
3.498533E+05
3.510640E+05
3.522790E+05
3.534981E+05
3.547215E+05
3.559491E+05
3.571809E+05
3.584170E+05
3.596574E+05
3.609020E+05
3.621510E+05
3.634043E+05
3.646620E+05
3.659240E+05
3.671903E+05
3.684611E+05
3.697362E+05
3.710158E+05
3.722997E+05
3.735882E+05
3.748810E+05
3.761784E+05
3.774802E+05
3.787866E+05
3.800975E+05
3.814129E+05
3.827328E+05
3.840574E+05
3.853865E+05
3.867202E+05
3.880585E+05
3.894015E+05
3.907491E+05
3.921014E+05
3.934583E+05
3.948200E+05
3.961863E+05
3.975574E+05
3.989332E+05
4.003138E+05
4.016992E+05
4.030894E+05
4.044844E+05
4.058842E+05
4.072888E+05
4.086983E+05
4.101127E+05
4.115320E+05
4.129562E+05
4.143853E+05
4.158194E+05
4.172584E+05
4.187024E+05
4.201514E+05
4.216055E+05
4.230645E+05
4.245286E+05
4.259978E+05
4.274721E+05
4.289514E+05
4.304359E+05
4.319255E+05
4.334203E+05
4.349202E+05
4.364254E+05
4.379357E+05
4.394513E+05
4.409721E+05
4.424982E+05
4.440295E+05
4.455662E+05
4.471082E+05
4.486555E+05
4.502082E+05
4.517662E+05
4.533296E+05
4.548985E+05
4.564727E+05
4.580525E+05
4.596377E+05
4.612283E+05
4.628245E+05
4.644262E+05
4.660335E+05
4.676463E+05
4.692647E+05
4.708887E+05
4.725183E+05
4.741535E+05
4.757944E+05
4.774410E+05
4.790933E+05
4.807513E+05
4.824151E+05
4.840846E+05
4.857598E+05
4.874409E+05
4.891278E+05
4.908205E+05
4.925191E+05
4.942236E+05
4.959340E+05
4.976503E+05
4.993725E+05
5.011007E+05
5.028348E+05
5.045750E+05
5.063212E+05
5.080734E+05
5.098317E+05
5.115961E+05
5.133666E+05
5.151432E+05
5.169260E+05
5.187149E+05
5.205100E+05
5.223114E+05
5.241189E+05
5.259328E+05
5.277529E+05
5.295793E+05
5.314120E+05
5.332511E+05
5.350965E+05
5.369483E+05
5.388065E+05
5.406712E+05
5.425423E+05
5.444199E+05
5.463040E+05
5.481946E+05
5.500917E+05
5.519954E+05
5.539057E+05
5.558226E+05
5.577462E+05
5.596764E+05
5.616133E+05
5.635569E+05
5.655072E+05
5.674642E+05
5.694281E+05
5.713987E+05
5.733761E+05
5.753604E+05
5.773516E+05
5.793496E+05
5.813546E+05
5.833665E+05
5.853854E+05
5.874112E+05
5.894441E+05
5.914840E+05
5.935309E+05
5.955850E+05
5.976461E+05
5.997144E+05
6.017899E+05
6.038725E+05
6.059623E+05
6.080594E+05
6.101637E+05
6.122753E+05
6.143942E+05
6.165205E+05
6.186541E+05
6.207950E+05
6.229434E+05
6.250993E+05
6.272626E+05
6.294333E+05
6.316116E+05
6.337975E+05
6.359908E+05
6.381918E+05
6.404004E+05
6.426167E+05
6.448406E+05
6.470722E+05
6.493115E+05
6.515586E+05
6.538135E+05
6.560761E+05
6.583466E+05
6.606250E+05
6.629112E+05
6.652054E+05
6.675074E+05
6.698175E+05
6.721355E+05
6.744616E+05
6.767957E+05
6.791379E+05
6.814882E+05
6.838467E+05
6.862133E+05
6.885881E+05
6.909711E+05
6.933623E+05
6.957619E+05
6.981697E+05
7.005859E+05
7.030104E+05
7.054433E+05
7.078846E+05
7.103344E+05
7.127927E+05
7.152595E+05
7.177348E+05
7.202187E+05
7.227111E+05
7.252122E+05
7.277220E+05
7.302404E+05
7.327676E+05
7.353035E+05
7.378481E+05
7.404016E+05
7.429640E+05
7.455351E+05
7.481152E+05
7.507042E+05
7.533022E+05
7.559092E+05
7.585252E+05
7.611502E+05
7.637843E+05
7.664276E+05
7.690800E+05
7.717415E+05
7.744123E+05
7.770923E+05
7.797816E+05
7.824802E+05
7.851882E+05
7.879055E+05
7.906322E+05
7.933683E+05
7.961140E+05
7.988691E+05
8.016338E+05
8.044080E+05
8.071918E+05
8.099853E+05
8.127884E+05
8.156012E+05
8.184238E+05
8.212561E+05
8.240983E+05
8.269502E+05
8.298121E+05
8.326838E+05
8.355655E+05
8.384571E+05
8.413588E+05
8.442705E+05
8.471923E+05
8.501242E+05
8.530662E+05
8.560184E+05
8.589809E+05
8.619536E+05
8.649365E+05
8.679298E+05
8.709335E+05
8.739476E+05
8.769720E+05
8.800070E+05
8.830524E+05
8.861084E+05
8.891750E+05
8.922522E+05
8.953400E+05
8.984385E+05
9.015478E+05
9.046678E+05
9.077986E+05
9.109402E+05
9.140927E+05
9.172561E+05
9.204305E+05
9.236158E+05
9.268122E+05
9.300196E+05
9.332382E+05
9.364679E+05
9.397087E+05
9.429608E+05
9.462241E+05
9.494987E+05
9.527846E+05
9.560820E+05
9.593907E+05
9.627109E+05
9.660425E+05
9.693857E+05
9.727405E+05
9.761069E+05
9.794849E+05
9.828746E+05
9.862761E+05
9.896893E+05
9.931143E+05
9.965512E+05
1.000000E+06
